824 INDEX.

11111 8.11. 2,128. 1111. 1. 10, 1.]11 01. i. 7,22; 1112110. 20. D . .
48. Ρ. 408 811118 4. 121.
lues 1111111 01. iii. 0,1 Lyceo 01. 1. 17,1 1. 8, 01.
1111111111 .0, 28 11111181· 11110. 18 17. 9, 48. 0, 81; ,
1131811011212 Lycamben 11111. 1128 0, 88, 41. 7, 88. .
111181101,111.8,01 11111 01111111, 11. 18,1,2 1111118181 .
11μ81101.11.1,88 1111101111121 1111111118118, 1
lumbi· 8.11. 8, 90 Lycia· dumeta 01. 1114, 02 Manius 8.11, 101. 8, 21, a.
111811 1111122. 8 1122. 151111 011 8,10 81111120
1100 11111111 011110 1111111111111111 011112
1111111 111. 17, 44. 8. 11. 7, 88. 111111 (111111 8.17, 17 111111111111111111 01. 11. 9,1
1111. ii. 2, 08 1.]1111111111 Ep. 1124 1111111 ap. 10,2
1111111 placido od. iv. 8, 2. 11119 Seni 01111124 mugiens Epi. 1111248
1111185 11110ιί11 01. 1. 88,8 11ιῖ1 01128, 11, 18, 1112,
11ι1ι1181101.111.0,28 Lycum 0118111 .18, 80; ui. 9, 8. 211,
1111 01. 1. 12, 48; 11. 8, 20. Lycurgi 01. 11. 10, 10 21. 280. 12, 28. 11181.
1110. 81111. 0. 8. 80. 111111 01. 111. 1128 124. 8.142. 8,88. 0, 8181.
8.1.8,21 1.]1101111.11,7,28.Β,8 10,08; 112, 20, 112. m.
1111111111111 01. 1. 185 111. 1.]111 01. 11. 11, Ἠ 07, 818, 819. 4, 18, 01. 171,
28,2 Lydia 011. 8, 1. 18,1. 218 ; 118. 8, 1149. aps. 1111.
lm 01. 11. 18, 10; 11119, 9: 1119,0,7 18, 28. ι6,11; ii. 1818. P.
11181118. 8118811111 01111120 811102
01111118 13111081110111.18,80 m'giner 01. 1118, 81. mi
111111 01. 11. 10. 8. Ep. 8, hydarum 8.1.8,1 ,81
40 1178. 8.1.8,88; 111111111101 11. 8.12. 11, 201111111ιί 8.11. 2, 18 ,
88 - 1111148. 8. 1. 8, 21 111ς111118.11. 8, 287. 2111. ¹
1111 rm 01. 111. 218 lym ho 01111. 11, 2⁶. 18, 10. ·1,14
lupatis 711111 011. 8, 0 1111. 2, 140 magistro 01. 111. 11, 1. spu
11111118 99. 8. 1. 8, 42 lymphatam 0118114 18. 18
luga. 111111. Epi. ι. ι, ιμηιιοζιιιοῇ). 11 113. 410. 111,οέ magistra. *⁴2¹⁵ss a m
Ι Ι ι Ι m 0 ¹¹¹! j ι
lupi· 011111. 1,.. 4, ι. 1, 'u ' ’ ’Ἢ 1ι. s. i. 1, ιε. 1411, ,

11. 10, 20 Lynoei 011111 8.1.2,90 1. 0, 48, 10. 7, 81. 8,88 0, ’

Lupo 811108 hymneus 11111128 78, 111100. 8, 817. 178.
1111111111 ereptus 212,οθ 1111011. 111. 21,12; 11. 8, 12, 27. m, 104. m
luporum 01. 11. 4, 80 11, 215 111. 19, 20. 28,11; 1,80.10,82; 11. 1128. 8,
1111011110. 11112. 11. 18, 2. 111. 0, 8. 17, 80. 200. Ρ. 14

12, 20. 8. 112, 80 81111148 .. ιιιι ι 011. 12, 87; 118. 1.
lupun 01. 1. 1180 hyra 01. 1. 0,10. 10,0; 11. ,11. 8.119. sphalma
11 1101 1. 22,Η9; 111. 18, 18. 1093 11121128. 2111113111 0111112174. m

1111711 1111121111 1111911 1111111171. ι. 11 ...111 1111111 111.

28 Lynppo 1111. ιι. 1, 210 18, 88
1111111111.17,22 nagnam 01. 1117, 18
111111 dentes 01. 11. 18, 10 magni 01110, 8. 12, 80, 11.
luridum 01111174 180. 1111111111.
11111111 8. 11. 8, 248 111. 1188. 0, 72 ; 11. 198
111111111ᾶί1 81184 m 11811122. 8,Ξ. 0,
luserat 8. 11. 0, 49 ,78; 11. 1, 78. 7, 11
11111111 011. 82,2 menno 01. 111. 1114 11131181. 1, 81, 88. 8, 78,
latim 8111. 1180 :meni 11111111 72, 121, 128. 0, 79. 8, 80. 0,
1111111 111111. 214 manullo 8. 11. 4, 70 80.10,82; 11. 2, 89. 0, 91.
lusit 01. 111. 27, 00 ; iv. 9, 0. macellum 8. 11. 8, 229 7, 88. 8, 80. Epi. 111282.
11111101111410. 81008111111111011141818 111ἓ11110111 Deorum 1111118
1111111111 01. ιιι. 28, 12 1111111 Ι.ιι. 2, 78 111111
lantramno 0d.iv. 14, 87 11111ιί11 1112 m 111 01. 1. 2, 4ος 11. 1, 81.
lustrum 01. 114, 24. (18111181 Od. i. 8, 80; 111. 27, .1.7,88; 11818

07 88 ι m 1ι1 0111.18,18; 1111,
11111111111111181148. 111111111188 121 2142. 1118, 87. sd.

1120 macrescit 11111187 4,10,81, 110. (3,OE 7, 21.

luteum 8.110, 87 mauro ιέοΙΙο 8. 1. 0, 71 0, 40, 82. 10, flu 2, 80, 01

110111111111111110 mero· ,1. 8, 72 1288 8, 79. mm

111ο 1111111. 1111 mmmm 111111. 1181 mugnus E ,4,18. 8.1107;

111111111811188. 21111 metm 01. 1. 19, 10 1ι. 2,1 .8, 0104. 0.1
2, 78 1ι111111118.12,81 mgna 0112122. 011111,

lutulentum 8. 1. 10, 80 maculant 8. 1. 8, 88 218

lutulentus 81111 menn· 11882 11111111 S. ii. 0, 8

lux 8. 18, 89, 11. 0, 80 maculosum 01111Ἡ 8111181111 011248

11111118.11.“8,79 111111 01. 111210 1111101011. 1118. 1111.

1111111118. ιι.8, 224. Ρ. 214 81111111011112151 fi· 11· 1858

1111111111 1111111122 12,11.17,8.20,7;111.8,1810, 111111 01. 1. 8, 1ος 11. 20, 1

 

