INDEX.

ssi. 1, 72.Ι 871.7.7777577777877.11.,1214
5 27 Ρ 555 scabies P. 417, 455
777777177777 05.“ 7, 54, scabrum 87771 7, 7, 55
‘SA 87777787 7,’177, 17, 11
7811, 5, 52, 255, 8771, 8777777 81,““77, 1, 515
55 777117 Ε7,“’7Ι ιι. 2,15
mouns 07131777. 21, 14 7771777 015,’ 777, 111, 52
78,17,5,55 777177,77787,,825
7777777717 8. 71, 5 ,255777177778,“ 77, 5, 1155

557

8777777777 05, 7717, 17

7777777777 8. 17, 5, 75

scorto 8771, 7. 18, 57

scortum 05. 77, 17, 21

77775781,,5567177,,555

77775787555717555,
87731 7, 8, 2

777157775817, 1, 55, mos

scribare 8.” 77, 5, 48

·17 P. 557 877777577577777777 877. 15, 14 77775718. 7. 4, 41

1,11,1,58 ”summus-'SM
Ρ, 455 7777757777 071,1 77, 15, 22
05,171,1,15. 8.77,777777717105,’1771,55,5
7777757705.1177,15,121
7771777781 77, 4, 55 7777577777 071, 7771, 58
0d.‘' 77,15,25,8771777777577 0775725152
7 771, 7.15, 5 , 1511777115. 117 21122
8171717, 1,11 7777777777 07711727, 25
05. 7. 51, 4 87777777 od. 7, 12, 57
8117177111 ¹ 11 ’11,17.1ἰῖ1,1,,17.177171,177, 777
77,5,5 7757778757255

777757 8,’ 77, 51, 55, 8771, 1,5,

7771711177777518,1 7. 4, 12, 15,5571 71,
1,.15 8777,17,1,155,Ρ1,

7771171777 P. 555

scribentes 8771,1177,2,157

scribere 877,11,2,187,4,15.
0,25777.1,15,8771,11,5,

7·77,1,111,228, 2, 54, 55
7771177777 105,7 ,,51

scribe! 05. 7 5 74
7771577777 8771.. ,7 15, 4 ,

8,1,5,,5255 777177170171,7,22,1.,,.55558777757Ρ,7

77871855 11,,,1545,258,215

scribimus 8771771, 117

7777777 'Epis 7. 5, 51 7771777777 paenitet 05, 711. 24, 7771517 81177, 5, l

71, 15, 20 50

05.“77, 18, 54. 8771, 7, 77717777771757 05, 714, 17 77775157

7771777777 05.“ 717, 11, 551
0511771, 15 5 77717771 Epa, 1
57 od. 721, 57 scelestum 1105111777 2, 51

77.,11 7777177705.7,2,,255,55,117

7777577 8,77 78 5 45
777157 8771,“ 77, 2,155
scribuntur 87771 s. 15 5
777777778,,,,,71,125,1,1877177,1,

.77,1,,517 11,,25 877,7,18, 8775ωηρκη871772158

, 7118157 171815, 212
87852,
5,178, 4,48, 577, 255
,1271551 1117171,151,777777777 51185255
577,
71, 5,715,1217.4,.57 7717577 1715. 7775, 45
8771, 7, 2, 46,
55,15,1.4517,1,18, 5,15

Ρ,,55 415 7777777778.17,1
7777705,777,15,5. scientioris 77,5, 572

7,1
18111. 2, 7777777 P. 175
6,

i. l, 175, 87771. 77775777 05 7. 517. 857 11, 14,
57177525, 271527 77,,8

5,77777877,17,,,,18152527 771,

15. 7717777705, 7,,15 247 711.7,.25 777777 777

50111 15711

4,4,1 5, 7777778177 1, 71, 87771 77, 1, 77777177771705,1 7, 5, 14

7771777777 S. 7, 15, 155

25,,7777777811,,.541Ρ,125 7777777178,7,4,57

777777787.,,,425751515,
87771817, 15 42

777777177 7817, 5,125
PSSS,S”fflffl
7777777777 877711, ,77, 1, 258
7787777777 1,” 7, 12,1
7,78707777787711,71.11,55,155,

77775711781,5,55 5 871527 177,1,.75 2,7777771777Ρ,545

57781785 55,,,151852457877

7777777717 8771177 1, 52

S.’· 77, 12,5 7717777705,Ἰ 777, 4,42, Ρ,11, scripseram pl. 7115557171,

78771,’ 77, 11, 158 275
Ο5,17,1,21755 7717 77777577 0571727
77775777705.17,14,22

2,77

8777111112 1771, 11711

M. 7. 1, 51. 8771, 7877777757 717-777781177, 1, 72 77777717 7777781, 1, 7, 55

P. 255 8777717577 877,1,17

77777757777 7771711,1 7, 18, 57

7771777177 154. 877777077171117 17,4,227777777775,77,5275
8.1,,7457 75525781777177777877525

Ρ.221,225 1,5,,1215557111,1,,55

87771 71, 2, 125 2, 755
od. 1. 14, 57 717, 15, 771777 8771, 1.,17 14

,777771778177,15,8771,1,15,
777171177875,52,8,11717

. 7717877145. 18771,,71,17 7,,55 875. 7418
,1.17, 127 7771515 141555 17,1,1118,,55125, 7777777778,77,1,221

E 15251754 7. 82774521

7777777717.8771,17.18,2

,11,4115, 15,.7 1455 777705 777 17, 81, 1,1,4 777777178778225
4471721817, Ρ,1158,5151,777777778771,7 17, 15

171225771715, 571
,,5,571. 8,7,,525777177778771,1,7,55
7777578774, 81
,17, 15, 257 77, 8, 7, 87777777 05 77, 8,5
.1.,55155,111,5,1115 77777178,71,,4811
777. 17, 55. 181757577777777117071, 111,7,21
777777718715, 71 scopulos 05.“ 7, 5, 25

717777177815115

Scyllam P. 1415

scyphis 071.’ 7, 27, 1

8171 7111710711 11. 1515115711 111, 8, 25,
,,5 08 551

87711777 0771, 19, 1⁰

 

