888 INDEX.

1111111·1;1.,... 11111111111111111’811111111111111
Scythicum 1111111 01.111.1,88 2, lm. 8, 108, 811. 111111111111 11111.1.1,8
1101.1.2,17;11.10,20;111.11111111.12,0 11111111811.1.7,85
8,88,18;11.0,88. 8.1.1,11111111 ρΙ.1.18,80 1111101.1”1.8,11. 8,118,
2111881100,111,117,811.111111111 01. 1. 18, 8. 11· 128282. Ρ. 115
1111111101.11.18,17 11111 Ρ. 287 1111 hyon 01. 111. 18. 21
1111111111111Ρ.808 · 111111 111111 1111811 8111. 1. 1.ae
secuntur Epl. 1.16,12 1111111 8. 11. 2, 78 1111111 guttur 8182
11111 8.1. 10, 18 11111 01. 1. 2, 10. 81,10; 11. 1111111 Ρ.178
11111 ungui 1111. 1. 1818 8.0.18,28; 111.8,81; 11.1111118.11.8.107
1111111111 8.1.8, 118. Ρ.807 8,1’1 1111111118.1.10,87. Ρ.811
11111111 S. 1. 0,68 11111 01. 111. 1,10. Ep. 1,11111 1111 S. 11. 1, u. 1,11.
1111111101.111.8,17 18. 8.1.8,10 1111. 11.1,58
1111111111 01. 11, 82 11111111 01. 1.10,18 11111 pedibu 8.1.10,58
1111111111 01..1.1,11 1111111 Ρ.208 1111111 8111. 1. 18, 17
1111111 aii. 1, 71. 8,78. Ρ. 1111111111 811118 1111111111 Ρ. 288
2oe 11111 Epi. i. 17, 87 1111111 01. 11. 1, 25
111111111111 8. 1,1,11 11118111811.1.2,18 11111 sugam 01.11.7,18
1111111111111 111111. 18, 108 1111111111111 01. 111. 8, 28. 8,11111811 Ep. 11,2
11111111 E ,18, 88 18 1111111111 8. 11. 8, 88
11111811118.1.8,180· 11.1,11 111111111111 Ρ. 118 111111 01. 111. 8, 11; 11.8,8.
...111. 1111111 ..1111111111 ι. 1, 1, 1. 1, 11.1,11
81111118.1.1,112 810 111111 8. 18, 88. 1712111.
1111111111Ρ.28 111111101.1.88,8. 8. 1. 8, 8,8
1111111 01.1.88,8 71. E 1.1.18,8; 11.1,178111111 11111111
111111111 8. 1. 2, 78 11111 0 .111. 28, 8. 811. 1. 7, 111111ιί1 Ep. 18, 17. 81. 1,
11111111111111118.11.2,8 21,87 82.10,8. 111.1.1,27.17,
111111118.1.2,18 111111101.1.81,1. 1111111. 17. Ρ. 76, 2111
11111118.1.8.118 2181 sententiarum 01. 111111
11111111 8. 12108 segeti· 01. 111. 18, 80 11111111 01. 111. 27, 22
111111 1111111 8. 11. 1. 87 11 111 01. 111. 21, 22. 8.11. 1111111 11111. 1.8
111111011111111 ⁴¹ ⁰¹ ..1111111111111 1111111111111115
111111 offiium. 11111111111111 1111111 (1.8. 78. 1111111,
11 1111111 Ρ. 180 106
1111118.1.1,102; 11. 8, 70. 1111111111111111118.1.1,128 111111 01. 111. 28,8. Mn.
8, 280. Epi.. 1, 87. 7, 02. 111111 8. 18, 87 11.1,11 1.1.18,88
Ρ,175 111111 01. 1. 21, 18. 28,18;1111118.11.8, 00. 811111,
1111111 13 .18, 28, 88. 8.1. 111.1,19.11,11.11,11. Ε. 81.11,20.18,70.11.1,181
1,11. 1111 1,11. 11,111. 11111. 1111111
11111111118.11.8,71. 811. 1188311121. ΕΙ.1.2,1111111101.111.1,88
1. 11180 80. 7,86. 10,17. 17, . 18, 111111111111 01. 128, 18. 8.
111111111 8. 11. 0, 81 71, 111. 11. 8, 21

, 11111111 8.1.0,10; 11.2,121. 8111111111 01. 1.17, fl nepmti· 01. 11. 18,18

Epi. 1. 18, 11 8111111101.1.18,2 11111111 Ρ. 278
111111111111 8111111102 1111111 111111 8. 118, 88 11111111 8.11.8,81
1111111101.11.10,18;11.1,111111111111118.1.8,81 11ἱ1111 0111111, 8. 111. ·

18.0,88.11,10 111111111111118.1.8,78 .1. 1, 87. 7, ὥς 11. 2,

11111110111281,11.10,1111111Ερ.18,57. 811. 8, 81,
1111· .......
1 · f 1 p 1 ΟΡ eum Pthvffi

m. mo 1111111 11111 811. i. 18, 108 Septimi 01. 11. 8,1
1111111101.11.11,88 1111111 E 1. 111, 21 8111111111 111. 1.8,1
1111111111, adj. 01. 1. 12, 18. 1111111 01118, 82 8111111111 8.11.8,10
1111111111 1111 8178 1111 11 01. 1. 8, 10. 27, 16. 1111111111 8. 1. 8, 88
11111111 111 11111111 8. 11. 8, ’,10. 88,17; 11. 111. 8,1111111111101.11.18,18. 21121

188. MS 18. 1111211. 17,88. (1.8. 11 1111111101.11.1.80. 81. 8,
111111101.111.2,18. 2112. 8, 67. 1.1.1,19,111; 11. 7. 17, 17

0881 2,106. 8,111. 1,18, 811. 11 1111110111.11,51. 8. 11.
111111 S. 1. 1, 18.-11111111 1111111 8.1. 6,77, 110 ,81, 1113

01. 11.120. 1111 1111111811. 8,12, 82, 11 1111111111 Am. 8. 1. 8,
11111111 1111 8. 1. 7, 21 81 .. 10; 11.8,1
11111111 8.1.8,101; 11.7,80 11111118 1,11. 2, 211 1111111 1111111 01.11.8,82
1111111 01. 1. 28, 6. 8. 11. 1, 11111111 1,11. 8, 8. 11,8 11111181 Ep!- 11. 1, 88

80. 11 1,11.1,170. 2,17 11111111 01. 1. 81, 18 111810, 18. .1.1.
11111 0 .11. 8, 21 111. 25, 8. 11111111 01. 11.18, 80. 11 ,8, 2,78. 8,11. Ρ.

Ρ. 118 1. 18, 8. 8.11.1,87. ,88,111111101.11,11,Ἇ
111111 01. 111. 27, 88 81112018 sequemur 1111111
1111118118,θό 1111111111 c. 8.18 1111111111 8.1.1.8,108. 878
11111111 8.1.1,8. E 1.1.10,21 111111 11 .8. 87. 8.1.10,11; 1111111111 Ρ. 811
111 01121, 18. ,18 88, 11. 8,7 . Ρ. 180 1111111111111288. Ρ. 118

 

