666 INDEX.

111111 011. 1. 17, 16. 86, 6. Epi· 111 011. 1. 7, 16, 81. 8,11.1111118.11.6,72 .
1.10,1,1;11.1,1111 7,1;11.7,1,6. 8,26; 111. 1111111111 0111111. xpm
1111111118.“11.8,268 2, 26. 1111111111. 2178
rursus 011. 11. 7, 16, 11. 1, 2. 4, 6, 86, 128. 6, 10, 16, 111. 111111 011.1111,18
11111616. 8. 1821176, 7, 66, 811. - 1111111111118
11. 7, 61. 11111217. 7,11·11011.1.12,48.18,18.16,111111111111.2,68. 6811.
86 “ 1. wo. 8117. Ep. 6,17 8112111116 1
1118.16,162; 11. 6, 66. 7,1111111011.1.6,8. 8.1.8,88.111111111111811111
’18 Epl. 1. 18, 61 11111 011. 1. 82, 15
1111111111 8. ἰ. 686 111111 011.111.8,87. 8.11.2,126 sulvat-Jahn! apum 161
...11. 11. 11. 111. 1111111111 11111111 ..1. 1. i. 111 , 1
l. 116 11111101111222. 8186, 111. salutandi plum 8. 16,111
1111111111 8.1.8,81 11.4⁵. 11111216 11111111 1111 11868
1116111111 06. 111. 6, 87 111111 011. 11. 11, 27. 8181111111 Ρ.87 1
11111111Ερ.2,68. 8.1.1,17; 6. §.hmo 1111111118.1.1,81. 8111111,
11. 2, 8. 1186, 116. 7, 2111111111 01111111 27
1111. 1. 2, 42. 7, 88. 18,12; 1111111 0111. 16, 11 111111 11111111
112, 86. Ρ. 218 11111011.1.88.12; 111.16,2.811111 lap-1⁴³¹
1111111111 8.117,66 21146. 11111. 1. 16, 77. 18, Samnite Ephitm
111111 8.11.2,164 18 811111 81111. 11,2,21
111111 011. 11. 12, 5; 111. 16,11111 1111111118.1.6,41
16 1111111111 8.1.8,67
8. 111111 0111. 16, 11 ; 1111, 21111111 virgines 0111. 227
. sime. 11111.1.15,86;11111111118.111,81
SABAEAE 01112118 11.1,148. 2, 21 11111111 0111111117
1116111111111111118.16.66 1111 011. 1. 27, 21 meto 011.11.6,1.11111.ἰ.11.
816111181626. 81112811 111 011. 116, 22; 11.4, 61 ..
8111111Ιί111111161101.111.6,88 6 1111111111 ΒρΙ.117,66;11.11
8111111111 1111111 1111186 11111111111111181.12,4 111118. 111. 188. 11.
8161611811.1.16,16 81ἰ11181.6,26. 8.18,26, 61..15,6; 111, .
8111111011.1.6,8. fl& 111. 1 182. 1121111118 ..
1,17. 11112, 11 811111181818 1111111106.1.8,2.86.1;ΙΙ·
8111111101.11.18,11. 811.11.11μ1811.112,268 1,26. 12, 8; iiim θ.
111 ..gu P. 111 11 11. 1. 111. 1116
8161111111 8.11.7, 118 1111111 011. 1. 1221. 27,12; 1111111. 6,16
81111111 01111111 111172 saguineis 011111
8111111111 011. 1. 26, 1. sspl. 1. ungine 01111216 1113111111 011. 11. 111
6, 27. 7, 77 11111111 011. 1. 26, 6; 11. 8, 15 ; unguinis 11171. 16,6,
111111 8.1.1,76 111. 266 unguis 011. 1. 21. 16ς 1181.
111111 11118146 sagittis 011. 1. 22, 81 1116, 16 6; 111. 27, 66. (18.16. 811-
11111 011. 1. 6, 18. 8.11.8,1 11111 1111181126 1888. PM
181 1111111 gd. 2,46 1111 8. 118, 71, 216
111111111 011.111.1,8.8,82 8111111111 011.1.7,21,26 1111111 011. 11111. 16
1111161111 1111. i. 16, 16 8111111111 011. 1. 16, 28 111111 8.11. 8, 211, 276
111111111111 011. 1. 16,6 1111 81. 16, 4; 11. 2, 17. 1, 111111 011. 11. 7,
..θη 01111714,511· ⁰2¹⁴! Ep! u· 81811 ΕΡ11111Ά ω nuo 11111 2111
’ 6, 62. 8.1.8,11,117. 811111111111 1111111168 11111 .1.8, 88; 11. 5.
11664. Ρ.867 11111118.1.6,16 1111. 1. 16, 8. Ρ. ,
11111 1111 011. 1. 18, 13 1111, 8111111 1111. 1. 16,1 111111 8. 1. 6, Q 8111. ·
18. 111118, 11111 Plautino· Ρ. 271 21. 18, 86
11111 11111 011. 1. 1, 22 8111111 11111111 111111. 1, 86 11111 8. i. 4, m. 5.
1111111111111111.1,7 811111161106.1.87,2 muhamed .l ι
ammentum 011.11.17,16 111111 1111. 11111 662822. 11111. 1. ι
1111111 011. 121111 · 1111111111011.11.6,8 2,84
111111.011.1.2;,8 11111111 0111112826 unxerunt 111111. 124 1
1111111111 111111... 1111111 111, 1111
1111111 11111011.11.18,2 11111111 011. 11. 16, 14 Ρ.866
111111111111111101111.16,25.111111111118.1.8,14 1111111 Ρ. 212 . ¹
Ep· 1716- 111111111111111111 01111826 11 111 0111. 11,6. Ep!- 112·
uffa [agam 8. 11711 11.8,81111111111ὲ81111111101186121 ¹⁵t s ι 9 u
...161111 11, 11. 11, 11; 1111111. ii. 1, 11 11ἓ111111111. 1, 11116
....11,1; 111, 11. 1111111111 11. 1111 1111111111 11. 6·
s. 1. 111 1111111.1.1.1,11 111. 11111111 111·
11111111 011. 111. 2, 26. 8, 52; 11111111 Ep. 17, 66 11, 166. 7, fi. 1⁶. 111131
11.2,86.1111218.17,67.11111111.16,84. 1111111 11.1,18,66 ,
s. 111, 111 ..11. S. 11. 11 ...111. 11111. 11111.
υἷι-,111 01111617. Ep. 16,::=:³:e?1gleissgig‚ffi 6ἰ. ¹1⁰'ws .. ι ²5
.. , 11111111 .11. ,

...1111111111 11111111 111111 umentes 111. 1121 19·
1111111111 011. ι. 2, 6 11111111 111111 18

 

