121 INDEX.

111111111101.111.0,1 1111111011111 . , . , , . .
11,,111111.0,28 1111101011 .0,10 .0,10.1, ,’”. ‚
lugubres 11212 1.,11111111111,11.1.10,21 111111. ,
11111111 01. 111. 0, 61 Lyce 01. 111. 10, 1 , 11. 10,1,2 11ρΙ. 1. 1, 0. 1
11μ10101.11.1,00 hym od.iv. 10, 21 Mnemon 0. 11. 0, 01
1101110118,οθ 11,(1111111111111101.111.1,02 Μι1111110.11, 101. ,21,Ά.
lumbo· Ep. ll, 22· 0 1.1, 22. 11111111 011 0,16 11111. 1. 11, 20
0,100 1111111111 0111,Ιο Uannii 11111ιί1111 011110
1111111111 1111111. 0. 11. 1, 00. Lycio 0111110 011, 11 Maenius flumem 01111. 0,1
1391. ii. 2,oe hyemi 1111111 Ep. 1121 nmium 1111111
lunum ,1111110 01. 11. 0, 2. 1111101111 01.111.10,21 mugiens 1111112.ἴο
11,)1. 1. 201 1.,101111 01. 1011 n 1101.1.21,11,18,1112
11111111101.111.0,20 Lycum 0110211 21. 1100, 111. 0, 0. Bp]
111111 01. 1. 12, 10, 11. 1, 20. 14111ςί 01111010 21. 210. 12, 20. 0.1.2,α,
11, 10. 01111. (1000113111 01. 111. 1020 121. 0, 112. m 0,10,10.
0.1.0,21 11]1οΟ1.111.11,1,21.Β,0 1018, 112, 20112. ιω. ,
11101 imminente 01.1.1,1,111.11,1111 01111121 01, 018, 010. 1, lm. 011, ἶ
20,2 1111101111. 10,1. 210, 110. 8,11,10. 1211111. ’
luna 01.11.18,16,111.10,01 1111111 11, 20. 1121, 111018. Ρ.
11111111. 1111100. 1511ae 01111020 01102
01111218 1.,11111111101.11.11,00 m 1111101.111.0,01. spu
1111111 01. 11. 10, 0. Ep. 1,1,111111110111 ,61
10. lma. 0.1.8,01,11.8,Ι]11η111101. 11.0,12. 11,11.ωις11118.111,110 ,
02 1111411110 magistri 011. 0, 211. 2111. ¹
lupa rm 01.111.21,0 lym ht 01. 111. 11, 2⁶. 10, 10. ·l, 11
11ρ1111111111101.1.0,6 11112110 magistro 011111. 11,1. 0111.
1up1 1111111. 01112 lymphatum 01.1.01,11 18, 10
11ἱ1811110.11.0,182. Ep!.17,=5ffiis⁰1?.3‚ss 4οι1).1.11’,11ἔ magistrats 5⁴³⁵& n ῌι
ι ι fl ι ο 1 1111· ρ
lupi· 11111, 1. 1,.1, 1. τ, 'u ' Ἕκ. s. 1. 1,11. 141 1,

11. 10, 20 11111111 1111115110 1. 0,10,00. 1,01. 8, 00. 0, ’

11111111 0111,οΒ hymen! 11111. 1,ae 11, 111100. 0, 011. ma
lupo 1111111111 erepta· 11,). 2, 00 151· 01. 1. 12, 1. 21, 12, 11. 1, 12, 21. 0, 00, 101. mi.
luporum 01111, 10 11, 22, 111. 10, 20. 28,11, 1,10. 1102, 11. 1, 121. 0,
lupo· 01. 111, 0. 11,). 6, 2. 111112. 11110, 1. 11, 00. 200. Ρ. 11
12, 26. 0. 11. 2, 00 11111111 .. mgna 01. 1. lm ; 1101.
11,)1111101.1.11,00 [aym 01. 1. 6, 10. 10,0, 111. 0110,οῐ1. mmm
¹ss Μ Od· 11 ῃ,“11; 1111 18, η· ξ, wi ivo lym· ⁸1 ”0 ΕΡΙ· fflflgflffl od· 1111 ”9²⁴- ῌιίι
11111111,ῗῖ ’1111111111 1ζ 111111 1111111111. 1. ms ...1,’.11 1111111111 1111,
28 Lynppo 11,)1. 11. law 11, 01
1111111 Ep. 11,22 Unguentum 01. 1111, 18
luridi dentes 01. 11. 10, 10 magni 01. 1. 10,1. 12. 10, 11.
1111111101111111 ρ lm 0.
1111111111 S. 11. 0, 211 Μ. . ,
1111111111. 0. 1. 1, 01 m
11111111 0. 116, 10
1111111011012 menno 01. 111. 10, 11 121ng- 1. 1, 11, ‚
1111111 1111111111 1111111111 11111111 12,121,128.6,10. 8,
lusisti 011111. 211 moeno S. 111. 10 10. 10, 12, 112, 00. 0,
lusit 01. 111. 21, 00, 11. 0, 0. moenum 0. 11. 0, 220 1, 01. 8, 86. 11111. 11. 1, .
1111111111411. 111611111111011111111 mmm nomn 11111, a
1110111111 01. 111. 21, 12 1111111111 Ε 1,11. 2, 10 0.1. 1100
1111110111001.11.11,01 maehina 1.1.1,2 ma nos 01. 1. 2, 10, 11. 1, 21.
lustrum 01. 111, 21. C. 0. moion 01. 1. 0, 00, 111. 21, .1.1,00,11.0,11
61 . Ι 10 ι 111311110111. 1111, 1111,
1111111111 1111111111 0. 1. 1, 18. mou 2111. 1. 1, 00 10. 21, 12. 111181. 0.1.
0,126 1111111111111,1Ι.1.2,11 1,10,11, 110. 6,02. 1, 21.

1111111111 01. 16, 01 moro ιέοΙΙο 0. 1. 0, 11 0,16,12. 10, 20, 0, 00, Β.

1111111111111111.10,10 morou ,1. 112 0200170. Ρ.280

luto 11111226. 11, 11 annorum 101111. 1,181 magnust} ,1,15. 331111,

lutulenta 0. 11. 1, 00. 111111. metm 0111010 11. 2,1 .1, 6061. 01
2,15 numento 0. 12, 01 magun 01. 121, 22. 1111. 11. 1,

lutulentum 0.1.10,10 1111111111 011, 01 210

lutulentus 0. 11, 11 maculis Ρ. 012 mai. 11111 0.11.0,1

1110.1.1,00,11.0,10 1111111111 01. 11. 1, 22 1111011111 011110

luxury 0110,Ὶο 111111101.111.21,0 1111111111 01111. 1115. 011.

1111111110. ms, 221. mu 1111111111 01.1.1,1. 211, 11. inm&

luxumnm 1111112122 12,11.11,0.20,1,111.8,10.10,1111111 01. 1. 0, 10, 11. 20, 1,

 

