INDEX. 545

6 06. 111. 317 16. 61131 3,113. 1616666166666 6.13,6
11. 10, 3. 3611, 1161113147 666616666.1.6,110
66166166 6. 11. 7, 63. P. 10 66661666 11166
164, 59 potestatem sui-⁶2⁹ prflw suinopm· pass„
1. 116 66161 6661666 6.11.3,117 66666666 361. ἰ. 7, 66
131. 31161 661106.111.16,16 66666616 36. 6, 13. S. ii. 3,
36. 1113130 potietur 06. 11. 3, 30 67
111133. 1116611οηί61 36173 6666666163 .17,36. 6.1.6,
307 666666 06. ιι. 1136, iv. 3, 60,116,
.1111,66,1ι.16, ἐξ. 6, 33. 361 1.,10, 1166656666116 1661110111,
i. 6, 31 661166 06. 111. 0, 3. 36. 16, 6666666666 11 111133
1131131. 6.11. 17. 1117. 11611131. 6666666661 .1.7,6
0, 66. 17, 17 66666 06. 111. 317, 114, 60.
6111136 potiorem 1161. 1. 10, 16 Ε .10,31. 311166
11110. 3616611661 36. 16, 13. 6. 11. 6, 66616 06113166. 361. 1.
160. 7, 133, 11. 76 1136
,361 7, 16. 6, 67. pom 01111 17, 13 , 6666666 06. 111. 6,11
37. 11306 66666 0113, 40. 16, 6, 11. ,66666166 361. 11. 3, 66
in. 3, 133 0,16, iii. 36, 1. 611100, 666616 S. 111166. 6, 66. 7,
1611160 11311363. 36116, 110
. 3, 61, 76 33. 10, 66. 13. 7, 1ι. 3, 107 66666666 1661666 6. i. 3, 63
111133 661661116666106.61.30,30 666166ι131.113,166
1. 6, 17 potorem 6.11. 6, 60 6666611 0 ,111131
Ι. 11111 potores 6. 11. 6, 37. 361 1. 18, 66666661 06. iv. 3, 10
1. 3, 68 01 66666606666 0111. 6, 0
.10, 31 potoribus 6666 361. 1. 10,3 66666666 01111. 313
. 1. 31, 16, 1116, potum 0111111, 30 prugum 6.11. 3, 76. 361. 11.
. 66161666 0111110 113
1163 661611 01111. 16, 10 praelambens 611. 1100
11. 13, 1, 16. 6, potum 1161111316 66616 061666 06. 1310
6616611101166,11166616661311163
,116 366. 3611117. Em 66666160 .1.1,30,116,6.
1. 3111 pm 3611116 Eme. 6.1.6,36,11.1,
1111117 66666616.1.1,Ή,73 1. 311. 3, 36. 0,11,11.
111133 pabebit 6. 113, 60 1, 76. 3, 36
666 E 111137 6661666601111117, 1116, 3666661601111133. 361. 1.
.3,1 .11416, 36. 111136 3,3
,6,16 prebentem 361111116 Proeneutinus 6. 17, 36
61 6166 06. 1116661666 361. 1. 6, 61. 113166661661 061316
.36,16. 3161. C. 113 6666666166 6.11. 133
66616661 6. 1. 6, 60 66666661 361. 1166
666111 06. 111. 30, 6661666 01111 13 13 6666661666 0111. 10, 14
ο, ι. s. ii. ι, 616166 616161 1616161666. s. i. 166 ..
61. 11116 611166 666666666 06. 1. 7, 7. 6. ιι.
16.11.16,13,11137,6666611 6. 1. 6, 66 103
66666666 361130 36 6666666 6116, 36
60 666666666666 36113, 71 ’66666611 6. 11... 6, 01
1136, 33. G. &praeoedere 6.ι.0,63 6666666166 66116
66666666 0111. 1111 6666661616 6. 11. 3, 61
Ι1116, 11. 17, 16 premet 3616 666666161666 0111. 1133. 16,
ι1111, 17 66666611 11113 11 ,
Ι ΕΡ. 25⁸ μιαί). od· 107113· s· 364μρη1ω1αω Pum
111. 16, 1166 30. 36111131. Ρ. 317 6666666 06. 1. 36, 3, 1116,
06. iv. 8, 36 66666616 6. 11. 3, 36. 6, 1106. 36, 111. 6, 3, 16. 1163. 6.
16. 1111110. -Ρ, 3611116 11101. 3111ω, 11.
praee 11611113. 36111. 163. Ρ. ,166
11116. Ρ. 336 11 666666166616 P. 60
11164. Ρ. 376 66666 1661111116 presente· ,166161 111161
130 6666161666 361110 66666611 361. 111, 16
,13131 6. 11. 66666611 66666 6. ιι.6,70 66666666 6111134 .

6666166 011313 1136
. 66665666 Ρ. 336 66666666 0161137

’. 6, 77. 361110, 6666166116 6.1 10 6666666166 36. 1, 33. 361. 1.
6

ι. 6, . .. , Ι
1116131, 611111 11Ξ16161111861Ῑ1116 661113811Ξ6Ξέξιὲὲ111 6611
iii. 616. 66, se. ,61666 16166 6666. 611616, 6166,
,616611 6. precipue Ep1.i.1,1⁰8; 66, aa. Ι661616 ..

1111011317, 361 · 6666666666 06.ι.1,3,ιι.113.
361111 66661661 6. 11. 3, 0.-16 66 6, 36111130 “
,1111311 1160, 46 praestabo 3611131

Nn *'

 

