¹INDEX· 009

‚hmo 11111111 8111,Ὶο · 1111101111,Ιο m ·

,11111 1111111 0011110, 1 111111 8.11. 4, 20

l. 2, 251 ΕΡΙΙ i· 18, 1Πο 8111111 ¹⁴‚ae5 finum 11.οΠῦῦ smum ΕΡ111110149
1111111111 8. 112, 33. &m 11111 operum 8. 11. 2, 119.

25, ,11.10,9.8,).’1’1111100.11.4,54 · 1111111111

1. 0112. 81. ’11111 0111111211 nouum 00. 1. 0, 34. 18, 10,

98. 10, 80, 11111111111111111 Ep. 1, 29 111. 21, 13, 11. 15, 8. 8. 11.

8, 00. 8,)1.1.’1“11111118,>1.111,202 131. 3,10. 5,00

1 1111111 S. 11. 0,101 1101 00. 1. 3, 24

30 111111 8. 1. 9, 32 110111 8.1. 9, 30

’.9, 32. 14, 03 1111 00. 111. 2, 20. 8.1.1,31. 1101 E Ι. 1. 13, 19

19,14,11.1,22.2, 81111142 1101181823

,5, 99 11111 mentis 8. 11. 3, 131 vadet Epl. i. 11, 28

0111111110 111111 00. 11. 11, 23, 11. 0, 33. vadibus 01111 8.1.1,11

1. 81116113, 1113. 8111118. Εμ1.ὶ.11011111111111111111020

fl. 8, 20 1, 103 τε 0111113

,mutante 8.13,133. 111111111011 8111. 1,13 11111 01111112. 8.13,130,

5. 91. 0, 28 1111111 E 1118, 81, 11. 1,2 11. 3, 21. 155. 5, 24

»ri 8.1.1,112 1111111 ,11111111 1111181121οΙ

i. 2, 40. 4,113. Ρ. 1101111111 81. 2, 41 1 11111111 00. ἰ. 84, 9, 111.
111111111111100.1.21,18 ,10. 8.1.5,13. 8, 21,

p.1⁶.8 11111111111 01111111. 8. 11.1,14.Ρ.124

,111.4, 41 11. 2, 49 vagantem 01112123

11. 100 11111111ιί111 EM& vtgmtom 00.111.14,19

11111. 19,0 11111011111,12111111.01.ῑὶῑ.11,ιο;ῑν.1,1

1111111 111. 10,1. 29, 03 agentur Epl. i. 12, 11

14, 31 11111 00. 11. 10, 0, 11. 5, 11. 11111 11201

Ep. 11,1 8.11. 120, 42. 2, 49. 0,111. ragin· 8.11. 1. ss

11111111 S. ii. 3, 310 Ρ. 28. 200 vagis 111111 00. 111. 29, 24

234. 8.112,14 111101.1ι.1,111.11.1,111101.11.11,11. PM

1.15,41 34. 11111111. 8.1.11,«)100.1.,11. 8. 1. 0,

. 112 4, 120, 11. 0, 232. 8,)1. 118, 22

1. 5, 10 0012 11111ρί1111 S. 114, 11

1.30,3. 30,1, 11.111101.11.1,1. 8,ι.11,00.11 101112. 18, 111119·

8.1.1,40. 4, 95- 0. 00. Epi. pl. 1. 15, 1, 28. 11111213

1. 111, 49 1. 1, 11, 11. 2, 0, 100 vul· 8ρ1.1.10,1

11 Tydiden 00. 1. 0, 10 valdius 111116. 8321

11 00. 11. 10, 24, Tydide· 0111. 1120 1111 8.11.5,110. 8,)1. 1. 0, 01 .·

13, 4 11111111 00. 1. 18, 14 ¹ 13, 19

1. 11. 12,3 1 11,)111 00. 11110, 10 1111111 Ρ. 40

11. 11, 11 ,1111 od. i. 11, 11 1111111.1ι.1.71.6.111 1111

fl. 1. 10, 30 ’1110111011 00.11.8,31 1. 18, 00

’1 00.111.8,2 Tyndaridarum fortissima 8. 1. 111111 8.1.1,10, 1111181.

.11.4,0. C. 8. 38. 1,100 1111. 1. 2, 49. 8,13, 11.1,’

, 190 'ryphoeus 00. 1114, 53 180

11
10
,ὓ
1.

6.
⁷·
s
⁷.

0.111.4,43 1111110111111,10.1,1.11111111ρ.1,,81. 8.11, ’

11111100.1110,22, 0, 3. 811208 14
3 11111111 (1111131 1111111111 1.1.1,3.10,21
1όὲ113ὲ1120 1131111111 01111. 11, 19, 11111, 1111171011 01112115. Ep.

.1. , , ·
8.1.0,01 ’1,11111111111 0111111111 1111181030
11112, 111.21,39.Τ]1111111111 8. 11. 4, 84 . 111111 Ep. 11. 11
1. 813100. 8,)1. Tyriis muricibus 8,). 12, 21 0111011111 8. i. 0,12
, 11. 1, 81. 11417 1111ο11111111 8,)1. 1. 0, 18 1111101111. 12, 11.0,1 ; 11.
d. i. 31, 19. 8011. 1111111111 00. iii. 20, 1. 8,)1. 1,21. 811150. 8011
1,45,11.1,101 112180 3121152. 11300
,11. 20, 22 Tyrrhenum 00. 111. 21, 4, 11. 11111101 8. 11. 2, 88. 811. 1. 4,
1310812102. lm 10
0, 03, 84, 11. 1, 59, Tyrrhenus 00. 111. 10, 12 Vulgi 1111111 00. 11. 9,5
202 Tyrtoeus Ρ. 402 Vt! 1118. 1. 10, 82
,2, 85. 3, 30 uligo 00. 1. 31, 11
11114 111101100.111.4,53. 8112,
,1111021113 . V. 81. 0, 45. 811181. 11,
11101100. p. 15.13,3

Ρ. 213 VAcAs 811112,οὅ 1111100.1.11.11,111.1,41.
emm 1111100.111.18,11 81213, 8,)1. 1.10,0
181110 111111 00. 11. 10, 31, 11. 2, 111111 00.1.11, 11
111. 1. 3,22. Ρ. 3, 53 11111100.1.10,29

11111 umbra Epl. 1. 1, 50 11111 1111110111 8.1.2,90

10. 1. 319 nouam 0111110, 11. 1130. 1111111 Ep. 9, 13
. 1. 4, 14, 1110, 11, 8,)1. 11. 2, 91 111111111111111111 8.11.0,112

Ep!- 1. 3, 4 111111 811. 1. 10,211, 11. 2, 81 valuerunt Ep.1o‚³

 

