828 INDEX.

111111 cohorti· 0d. ii. 28, 18 maturus 1'. 115 tt. 8.11. 8, 51. 1111 8,
Μ1111111 81151 1111111111 811815 w. Ρ. 181
111111 011. 1, 88, iii. 11, 18. Matutine peter S. 11. 188 111111 011. 11. 1, 81; 1118, 11 ·
111118 merie 0111883 1111, 8. 81, meditare 01 111. ὃ, 5. 8. 1.
1111111 11111111 Ep. 118 1188. 8.1.2,188.1,81. 8.2
1111111 01. 1. Ι, 28; iii. 8,8 Epi. i. 1⁴,to meditertiber ttpt. ii. 8. 11
1111111811188 Mavortis 1110111188 111111111101111Ε7
Marte Od. 1. 1128, 11.11,18; 111111 011118 meditantur 01. ittam
iii. 5, 81,81; 11.11,8 1111111 01. 1. 82, 85 111. 18, meditere 81111. tati
11111111 011. 8, 18 18 meditetur 01111. §.213 intt,
111111 01.1.28,11; 111188 1111111 811841 Q 111⁸,ae
1111111 belle 1'. 182 11111111 8. 1. 8, 1; 11. 8, 58, mediter 8.11.8,888
111111111101111,8 82, 181. Epti. 118, Ρ.111111110111.Ι8,88
1111ῦί011111 0111188 21 1111111118.1.1,188. 8, 88. 8.
11111810111111101.111.8,1 111111110111.11,8. 812, tt, 11.8,19.8,181 Ereti.
1111111011111,28;11.11, 11.8,188;11.8,188. apt. 15,5.18,8. mm
11 111 ...11....11111111111 t
111111101.111.8,18 11111111Ρ11111 01.11.1,18,11 18
11111111 01111. 8, 81. 1111. 1. 1111111111 8.11.8,15 Medo 01128, 43 iii. 5,8
18, 28 memnone 8. 11. 8, 88 Medos 01. 1. 8. 51
merendre 811111 me 0111, 88, 8185. 5, 18. 11111111 tt .8, 87
1111131111 0118118 1,18. 18, 18. 11 . 1, 81. 8, 1111111111 {att 1⁰,ae
1111111111118.111,51 ’ · 18. 8.1. 1, 88, 88. 118, 11111111 0 .11.8,81
1111111101.1.1,18 111. ⁸ Μ11111011.1.81,5;111.8,18; i
11111111 0111 1, 21 mee 011. 11, 18. 28,18; 11. 11. 1118. 0881
1111111111 01111218 md 18, 1. Ε 1118.18,111]1111111111101181,11
11111111.1.111,1;11.1,1.1, 1. 81111. ,18. 1111.1.1111011.188,8;11.8,88, S.
8. Εμ.18,18.8.1.8,118.8, 18, 81; 11. 2, 21, 181. 1³. 11185 t
88, 11. 8, 58, 82, rso, 288. 2811811. 11111111 01111818
1111.1.11,18.18,28 11111 01.1.8,8; 111,6.11,...11.18.11.1,11
meterent· 1111111 53 iii. 1188. 18, 88ς 11111111 01. i. 11, 1; 111.
1111111111 1188 15. 1111181). 1111111111. 18,21; 11. 8,8 8,

a
...111111011111119 111. 1111 1.». 111111. ’,1 11.

3.
8.
11.
11111111 1111 011. 118 metrii 011111 1111111111 Ρ. 118
insterni! 1111111128 111111110111.11,8;1111,88.11111111118.118 81
metemur 8.1.8,8 1111111111 1111111 011.1,25. 1538. 88.
11181111111111ιΕρ.18.28 111110111.1,81. 11118 18; 111118. 8, 8. 121.
111111111101.11.2,81 11111101.11,8Ι;11.1,88. 1111111181. 81181.
1111111111111 01. 1. 818 8,1. 8. 1. 1, 181. 8, 88; 11. 188, 111,ae- 1,11. fleti.
11111101118,1;11.1,81; 1,51.1111.1.1,18;111,88, 1,82.18,81.11,5.1 Q:

111.21,11;11.2,55. 8.1. 111. 1181111

188 111111111118. P. 128, 185 11111111 01181118. 812,
mtrem 01. 1. 88, 8,11. 8.11. 1111111111111 tt .5,82 11111111. 811.

1,51.8,181 Medi 011118, 11181. Ρ.888
1111111 01. 1. 85, 11; 11. sat: 1111111 11111 8. 1. 1, 21; 118, meliore 01. 1. 81, 88. 8118,

111118. 11111111. (1.8. 101288. 8111118811, 15,185

11 81. 18, 81 . meliorem 8. 11. 5, 88
metri S. 111815 medie 11111111 111111. 1, 185 meliori 8. 1. tt, 88. 1111. i. 1,
11111111101.1.1,21 1111111181 0111111118 ts
1111111 0111.8,18; 1118, 18;111(11111 8. 1. 5, 88. 1188 1111111111 S. ii. 5, 18. 81111.

11. 1, 11. 8, 28. 8. 11. 11111111 01. iii. 8, 12. 81, 21. 1188

188 Ρ.1·18 111111111811181. 118. 1,
1111111101. 111. 8, 1. 1, 58111111111111 E 1. 1. 11, 11 58

8. 1. 2, 88. Epi. 1. 18, 8. 1111111111111181111118 11111110118,88.11,8;11.

118, 288 medient: 01111188 12,11; iii. 8, 18. 1188.
1111111118.1.8,81;111,88 1111111811.11,182;111,118 1111111111. 5,
metientur 8. 1. 8, 51 11111111 11111111 118, 111 Ep. 111. 8. 1. 1, 81.
1111111118.1.8,18 111111111811.11.1,118 82. 1, 111115. 1, 88. 1
metronis 011. 1. 15, tt, 11. 15, 1111111111 8.1 1825 11188 . 15,11; 11. 1,15. zm

21 111111118.11.8,111,888 1118158. 111111,
1111111111111111111.1.1,82 11111118 .1.18,11;11.8,88 18. 111. 18,11,81. 1.
maturarit· 01111188 1111110 .11.1,1;111.28,81. 81ῑ 11151 Ρ. Β, 881,
111111111 1111.1,18 8.1.8,188.1,11;11.8,8. 188
mature Epi. i. 1, 8. 181511. Epi i. 12,1; ittam. 111111110111.8,15.18,18;111.

11111 151218 1888. 1118, 15. 1111.
meteret 01. 11. 11, 28 mediocribus 8. 1 1, 188, 188. 811115. 1, rt. Epi. 118,
111111111011111,8 1‘. 812 11
1111111111ῐίΙ 01. 111. 15, 1 1111111111 8. 11. 1, 81. Ρ. 818 melle 8. 11. 1, 58. 1². 815
11111111 01.11.1,58.(1.8.18. mediocritatem 0111115 111111 111 811888

Epi. ii. 1, 15 1111111811 1111111888 1111Ιί111 1111111, 11
“dum ⁰1¹· ¹1· 52⁸ 1111111101. 111. 18, 8 i 1111111111 011. 11. 18

1111111111 Ρ.Ι81 11111101.122,18 17,18. 81188 d.

 

