INDEX. 020

111.1,14.21,8; 11. 0, 0. 1411110 verb 888 11111101 04. 11121 1

ιι. 111. 11, 111. 1111, ...11011 11,11. Ep. 11, 1.......1 11,.1. iifl, 111

ιι. 86818, 820. 81110, 18Ζ 812,102.8,00.1 4,144111118.1.0,81

48.11,2.10,14. 8211, 1211 11. 8, 290. 8111. 11. 1111111101 8.1.0,100

ι88818 i ³ m. .. ⁵21 Μ1108 .. 11111111011. 80,18; 11180.

Ι10,.8ὸξ1ξ834·3 '. 8121121112112111.. 11111,“1ἱ·11·“1..1111’4;

0180·.08“·.1“1011801οἳ810000 ιι, 1118148011111. 1111. 1111.
· · 1 · 1 1 · 1 1

824. 0,οη maluit 8. 1. 8,8 manua 04. 111. 8, 0. 28,11; 11.

1]οι·οι8.ιιι..1,0.8.80. 8111111111111 811.11,11.18,11.8.1. 11.0.8 .10,12.10,4.8.1.

128281111θο 2, 011, 02111. 1,40- 4, 18 4,141. .848

11011811211 malunt Ep!.ii.1,2l4 10111111 04. 1. 11, 20. 85, 86;

ἓοιιιὴιιιῇι 0, 00. 0, 10,11111111 08. 1. 22, 10. 8812, 111. 0, 0. 28, ¹5 4,12.1,10.

ιΡ10118,Ι 7· 8.1ι2,8.4,8;141,31,ι Ειῡ,ω117,114801 cos·

140111881.1.0,10.10,88 4, 42. 8111110241111, 0. 8.14.12.0,2.1

80111111 4. ιιι. 0, 1Ι 10, 18. 124 . 1 Ι 1111111118.11.8,08. 8111. 1. 0,

Ι,11101 111111111111111141110104.1.14, 22

11111 04.1.12,11; 111. 4, 01 ; δ’, 111. 20, 08 1111111111 8. 11. 4, 81

11. 2, 81. 4, 04. Ep. ⁶2,st 1111111111 putres 81181 Marcelli 04. 1. 12, 40

11812. 8. ι. 8,,84ς 118, 8111111110111111111 8.10,81 1111ω111118.11.4,08

111. 8, 01. 8111. ι. 2, 00. 4, 1111111111 011. 11, 10 mure od. 1. 1, 14. 8,10. 0,1.

1.11,1.11,11.111,1 .. ...11110111 1, 1. 11,11, 111. 11,11. 111. 11,11.

110011110141 81180111. 41 . 20, 2. 28,2;111,84. 0, 2.

880. 2, 42. 8,48. 0,18. 811111111111111 81. 2, 27 12, 2. 10,11; iii. 1, 28. 4,

1. 1....1. od. i. 1,,,111 11, 0100010010] 0144 00 100.1 4110000141οἶ

g. 811. 10, 1. 8.ιι.8,18.111111104.11.1,84. 8110, 2.10,8. 1020111180. 8.

1,0 .. 00. 8881 .. 1.1,80,80.10,81;112,11.

111111111111 01111114 mm! 1111111118. ιι. 1,88 4, 81. 8, 41. 8111. 1. 1, 40,

11 pult· Od. ιιι. 0, 8. 12, 2. 1111011121 8 1112, 100 84. 1,11. 11,10. 1810. 10,

1. 18111802. 8,1. 180111110111111 8111080 1⁸3 111, 202. 8840

1, 08; ιι. 1, 82. 8, 208, 2011111110111111111 ..11.1, 8 mtrem 1111111111 S. 11. 4, 14

r. 49. 0,114. Epi. ι. 1481111010 8 1. ¹.¹' 2, 21 Mareotico 04. 1. 87, 14

,11201 111219. 2,100,121.11110411111 1111. 180 10111104. 121, 10. 25, 14.

,402 mandute 8. ι. 0, 20 P. 402

nrum 01111ιί101111 811. 8111111410 81111810. 8104 111111104.1.10,4;110,20;111

7 1411141111 8111118100 20, 01. Eg. 0,10. 11, 21, 82.

ιι411101811.8,111114110118111 Ι 10,οἶ 0. ,08. 8. 11. 0, 08,

1141001111048112104.1111104.11.0,80. 8. ι. 8, 81111120

eod. 1212111201 ιι. 18. 0, 12οῥ 118, 280, 2881111111 1181111104

0, 11; ιιι. 14, 11 3 110,,14. 201. E 1. ι. 0, 20, 08. 1, 04, 11111111 litoribus 01111. 11, 1

2,1. 8111810. 8. ι. 8, 0810. 0,0;11.1,104 11111111 8. 118, 08

0, 81, 40, 48. 4, 00, 100. 0, 1111110110, 04. 1111, 82 marina 04. 18, 185 111. 20,0;

01 11. 1, 0, 20, 81. 2, 8. 8,1111110111104.128,88 11. 0, 0. 11, 10

1,14, 181. 4, 21. 0,40,101. manebo 881118 1111111111 04. 111. 28,18

, 12, 81. 8, 00. 8111181111111111111 ,1. 0, 81 munna· 811011

1 13 40. 11,10. 10, 8. 20, manent 01811120. 11,111, marin 04. 1. 0,10. 28, 21 11.

ιςιι. 12811. 8101441 0181111111οθ 0,1.18,20;11.0,10. 811.

..1181811110 munenipm 04.111.20,58 8,10. 8111.1.0,0.11,0,20

14101111 1111881 1111111118104 111111081818. 0820

1 811111. 812, 10. 0, 011011 subulae 04.. 1. 4, 10. 8111111111 811810

ι 11120. 8111. 11,1,188 1111111104.1.11,1; 111. 0,20.

1110111111 0411121411 1111119111110, 0111111111. 8111111182

3¹¹9 8111111200 8111.1.10,10.11,Ιο0 11111111831.1.1,80. m

gun 8. ι.0,4 141011411111100, 011125. 18, mrito 0 . iii. 0, 80. 11,12,

gnum Odnii. 18, m ⁰0 m, 1δὶ 11.18,οῙ· 879112, πο Μ, ⁵· s· iius, ²¹6· τι

51111104.1.28,28 10.18,18.10,41.1,80. 01

ι alienis ridentm 8. 11. 8, 11111110 mrito· 04. 11. 8, 24
’ namnum 8111. 112, 18 muitum 04.11.0,10

's ...1....1101111111 .., . mnu.. 0111111111.. 1111111

ρ. 0,10. 8.1.0,00;11.8, 10, 8.1.8.01.4,08;11.8,141111181182211 ..
ι001111011ιί18.11.4,18 &13:33 0001810111ῒοοζ 01118000 apl· Ι. 6⁸ ¹⁷⁵ n· ²·
10010 1000100108 θ’ ...0101 11,.1. 1111111 00οΜ ω’ {¹⁹ ¹⁸¹ η’ ”’ ⁸'
1 04. 1. 4, 12. 8. ιι. 4, 01 manufestum 811. 0, 40 marmore 04.1. 1110

em 8.1.1,00;118,10. 8111111111111111 Duorum Epffl, 04 marmorum od. 11. 1, 20

1, 200 11111110 01111111 04. ιιι. 21, 1 ιιιιιιιιοιςιιιιι 81111.. ι. 18, 18

es Ρ. 442 , 1011111181). 4, 14. 8111. 11,11111111111 8111111,οὓ

11 8.1.0,10;11.1,18 11 111111111111811.11,20

 

