INDEX. 517

we· E ,9,11 1515555511 .15,9 invium 0111111115
,10,68 .. 15155555 5. 1111. 851.1155155505.11.14,18
1. ιιι. 24,1. 85111. 7,06 155151 oms, 10
intorti ungues 05. 11. 18, 15 1551515 8.11. 1, 161
¹ ¹ ⁸ 2 11111. od· 115 9523ὶ 1115115435100110111 0115 1115 ³, 8¹· 145235
&gaiu ²³ 18.13.11,2401.1411ιί111.θέ16; 11. §.gissa 55111115.
,5 05.111.1,18 intrarit 8511115 invisus 01111171
[(1. 1. 11, l; 11. 111. introrsum 1111155 155115811175. Ep1.ii.2,11³.
ιιι. ‘hfi- 8. ι11,85.151555555851115,45 Ρ. 111885
120 intueris 11550 1551151 E .1, 18
mente 0115115 intulerat 01111140 1551150 ,1111111
injus 0511110 151511105.11,18.115.16,00.155115ι501111111. 851. 1.
Duum 011114,ῗο 1151111, 157 10, 16. Ρ.467
fontibus 05. 1 15, 6. intumescit 85111151 1551155 E 1. 1. 5, ᾖ. 16, 115
1113 15155 8.1. 1,57; ii. 1, 50. 1, 1111
115 05.15.5,18 111141. Ρ.168,181,189 155155 551555 8.111,44. 8,5Ι
5 05. ni. 1, 10; 15. 4, 1555515 E Ι. ii. l, 145 155115 05. 11. 111
. 11. 1, 91. 4, 54 invenere 8. 1. 1, 104. 8511115515 01111141
1 1151. 5. 9, 1 58 555111 monemur S. 11.8,14
5 11511. 1,16 invenerit 8551111101 inulti· od. i. 18, 18
05.. 15. 4. 14 invenis· 8. 1. 4, 61 155115 8. 111, 180. 1151. 1. 1, 61
ιι 55155 05. 1. 5, 10 15555155101.114,8 inultos 011. 1, 51
1555 Ρ.185 inveniet 8.11.5,68 1551155 EM, 16. 1150. 8.1.
55 8. 1. 5, 84 invenior 8.11.4,14. 1151. 111, 8, 44; 510, 197
ιι Ρ. 458 111 15555115 555115 8.1. 1, 15
)d. 1. 8,6. 11, 46, 47. 11, 155551555 Ρ. 175 1555ςί Epi. i. 1, 19
¹¹· 8. 11, 17, &m 1555515 8. 1. 1, 111 5555151551 0115. 110
'aderit 8. 11. 4, 0 15555115 Ρ. 170 involvo 0111110105
1551 Ρ. 104 1555515155555158.11.6,11 inurbanum Ρ. 171
,1515 8. 1. 1, 00. Epl. i. inventore 8. 1. 10, 48 inutile 05. 1. 14, 11; iim.
’51 inventum Ρ. 177 48. 8.ι.4, 114. 8,l; 118,
11515 8.11.1,117 155551555555 Ε . 11,Ιο 12
1555 0111. 1118. S. 11555551 mom 5.111.5,7 15511155 851111
9. 10,11; 11. 7, 8. 11511. invem 5511 111115 inutili ¹¹8⁸ 05.11117,10
, 00; 11. l, 61. Ρ.91, 810 inversum 55155555 Ep. 1, 01. 111 ’15155815 0115. 1, 40, 50.
elsoi·5‚⁸l;ii08‚5⁴ sni-¹08⁶ Eoo, ¹‚m18111857GPO
5515 8.1. 0, 18 invertimus 8. 1. 1, 55 400
emto 05. 15. 4,71 invertunt 8118, 80 111 ug: Ρ. 114
serit Ρ. 114, 101 15515555 05. 1. 15, 0; 111. 28, 0 ’555155 8. 1. 5, 61
5551 01111, 115 inem. 1551515115555 Ρ. 111 15515 0111117. 10, 15. 851.
.ι. 10161 1551515 Β .11, 11 1116160
51555 91114, 10 1551511 01111117, 71. 81111555 nevo 05. 1. 01, 11; 11.
51501111. 11, 0. EM, 11. 85111,οθ 1118. 8.ι. 8, 56
15 15515155 8.1.7, 16 jocos 01111. 11, 1. 8. 1. 5, w.
(515515 811. 1111 155155 05. 1. 11, 7 ; 15. 8, 14. 851111. 1, 55
5115555511 01111, 8. 8. 11111118 Ι[55555555550551110.116
11116 inriga 85115 15555551 ιω 01511160
15111505.11.18,15 1551555518.11,100 ι555515 pcepta 51155
15511161 1551555181150. 0,15 155551 [aben 011115, 16.
1551551515 Ῥ. 146 1551115551 Ο5.11.10,7 1151 1. 11180
,teritum Ρ. 54 1551555515 05. 111. 1, 45 jocum· 8.ι.4,164
nerium 0111116, 0, 1 15515555 05. 1. 17, 00 jocos? oth-1⁰. 11 11111· 10·
(1511551505.1.11,11,11 1551555156 8.ι.16,11 .
5151515515 5115 51555 invido! 05. 11111 jocularia 851111
5155515555 8. 1. 10, 19 Invidet 0111. 5, 19 5 1111155551 E 15. 1010. Ρ. 111
51515155505.1ι.1,1 83111141 1555011114. aium.
5155555555 P. 414 1551 1 0111111111 1151. ιι. l, 140
5151551155511555 11010 1551515 0111. 10, 4. 8. 1. 1, 151555 115511
1515550115 81115 61. 6, 16; 11. 1, 77. Epi. i. 1551555 555155 05. ιιι. 6, 11
’5515551151 811117 2, 1158 1001001 Ep· 22 5⁴
interpres 8. ii. 4, 01. Ρ. 114, 15515155 8. 11. 5, 48. 1151. 1. 17, 155155 Ep.. 10, 10
091 51; 111110 155505. ι. l. 15. 1, 19. 18,
iuterprelsscllingffilll 1551511ἑι58ἀ1 1,11. 115111. ῧ;818.,ῗ,111ω851.11,101.
intersis ,5. , , , ·,ι.,,
intersit 8. 11. 8, 81. Ρ. 101, 1551511 8. 11184 lovem 05. ι. 1, 4ος ιιι. 5, 1.
'm invido 05.15.1, 15. 5,0 E ·1.8· 11118· 13· 2· 118·
1515551151151.11.1,76 155155505.111.10,11. 1151. 1. ⁷·- 1101118511]
151551(511118.11.0,181 1, 18. 1, 57. 15, 7 1051 011111. 41 157· 111 111·
151155 55 ungulo 05. i. 0, 11 1551515151 05. 111. 4, 86 .. 1491 lv: 10. 0· E ·9. 1
1515551( 85151 155155 1151. 17, 17. 1117, (115555 05. ι. 10, 5. ,0. 11.

151555051551505.1115,11 1, 09 14 3 111111, iii, 1, 0. 1,

 

