1’”·,”1111111111
. ··‘*'¹tht(

111111. em

1. 3, 88 · temere 0111111, 1111, 14. 1111011111 8. 1. 8,71
ζμΙ. 1.2,71 811107,112,110.4,38.1111011Οο.123,10,11.18,32, ’
184 Ι 81111120. 2,13. P. 111. 3, 70. 811103. epti.
1111101 00. 128, 23 1 18, 11 ,
1111181 s i 1111111021 211111· 11111111·
11113111.111111111111 ,11. 11 ⁹ ' '
11 Tempe 0117,4.21,0,111111101111181111187 -
tce 8. 1. 10, 88 l, 24 tene tym 11111 01118, 13
1111100.1.12,38 11111Ξ11ι11100.1.21,11,1111111111 p1·i·l‚9⁰
1 8. 1. 0, 13 1· , 1 teneant Ρ. 32, 330
d. 128, 10 temperante Ep. 10, 88 teneas S. ii. 3, 324
’11111117 temperem 1111811 111111111111111 Ρ.8
11. 8, 3, 11. 2, 83 temperes Od. iv. 8, 18 tenebat S. 110100
18111011011114, temperet 00. 1. 12,10, 1114, tenebit 011. 7,20
11. 11, 11. 111111. 11, tenebo 01. 11. 1111. 1111,
.11.14,7,11113,11. 23,112,187 18. 81111177
t temperatam mentem 00. 111 3, 11110111 11111140. 7, 28
Ι. 1. 8,4 3, 1114, 00 tenent 00. 17, 20 , 111. 4,18
1112120 temperato 0111111 1111111100.111.14,10. 817,
1.12,17 1111111101111024111110, 18
.11127,72. 8.1.3, 0. 8. 11. 8, 71. 8111121111111111181111043
l, 82 10 teneo 00. 11. 1, 38
, 82. 3, 1. 4,16. 8, temperiem 8 1.1.10,8 teneor 811131. 811. 17, 18
1. 8. 1. 1, 14, 89, 78, temKeetee 0 . iii. 17, 11. Ep. tener 00. 111. 18, 8,,11. 2, 84
1101811. 1 ,1. 8.1.8,90. 1111111111111111111111
,11. 11, 80 1, 18. 18, 31 tenere conjugis od. 1. 1, 20,
torma Od. 11. 4, 0 tempestatibus Ep. 10, 24. 8111. 111. 21, 84
111112. 11114, 111. 112, 88 tenet-m virginee 00. 1. 21, 1,
1, 0. 811212 1111110111111118.11.3,2ω 1112182 ’
1.10,7 temfeetive 00. 1. 23, 12 , iii. tenerflm S· 1114120
2,41. 8, 103,11. 3, 1“,27 1111111118.11.4,8
Ept. 1. 10, 82 tempestivius 00. 11. 1, 0 1111111 11111111
. 1. 0, 18 , 11810111111111111111 Eptii. 2, 142 1111111110111 1111. 1. Ι, 81. 10,
8, 74. 1111111120 temple 0112, 16, 11. 1.·1, 20, 34
t. 1,41 111. 0, 2. 8. 112104. 811111111111 00. 11. 120 P· 210
1. 30, 8. 32,2,11. 1,0 1111111111μί Οο.1110,·24, 11.
1124. 8118111111 0101111118. 8111. 12,0
8114311182. 1880 11111118.1.3,110.4,128
181. 11. 1, 1, 11 1.... ..11. t. 11, 11, 1.. 1, tenerum 011. 1111. s. i. 1,
t ,11.8, 18 .7,18.12,18. S. 1. 3, 81. 8111111120
120. Ρ.200 112. 4, 88. 0, 88. 811.1.1,11111100.11128,0
11, 111 11. 111, 11. 11, 111. 111. tenet 111. i. 11, 181 iii· 4. ⁰²·
1111111111 1111111, Ρ. 141 28,14,11.2,8. 112118 .
11 1 11 m ιθ111110111011’111111 1111 111111 118111 1811111
11111111. 1ζ11’ ’ ’ ’ ” ’ emens ¹ '
33 11111111011118. (18.1110110810-7144
creante Ep. 14, 10 81. 1118. 8, 47. 0, 09, 1110011 ΕΡ· ¹⁸2. ¹²· 161511· 17,
10.11.0,17. Ep. 111. 3, 34. 4, 4. 8, 02. 20
8111. 1. 2, 00, 11. 1,140. 2, tentabo 00.111.4,31
etum 0111118 128 tentantem E Ι. 1. 17, 24
1. 12, 4 temporibus 00. 11. 0, 30. 13, tenuntur 11ρὶ1· 6128 1
ge 00. 1112118 28. 81111122 1111111100.111.23,14. 1111111.
1,[1811111764(ἐὸ Ρ 11113133110008112020. 81711811ιὲἰοοᾶ i u ⁸
'm' ’ ¹ 'tempotum t'uge 01111 318 1100110000ιῖέῦ “ ,
1. 1.13,1,2 1111111100. 1. 37, 4, 117, 1, 11111100.111.2,22. 7,]2. Ept.
00.11.11,21 111. 0, 44. 218, me, 20. immet -
‘'J-1⁷28· Pew Ep0102m1 Sci-l,98;11·20fl22t2 P=⁴⁰⁵
1. 7, 20, 11. 127. 2, 118. 4,1. 0, 47. 8111. i. 11111181 011114, 71
0. 15, 10. S. ii. 8, 2, 110. 11122, ii. 1, 02. 2, tentatum 81. 180 ι
31218. .Ρ.44 tentavit 01111023. 111111.
11111143 1111811183 met. 1²:222
. 11. 12, 7. S. 11. 2, 1111111111 propositi 00. 111. 3,] tentent Eptg· 18180
(emi Ep, 2,·,11 tententur S. 11. 3, 103
1. 22, 18. 34, 0. 37, tendent 8. 11 7, 21 tentigine S i· 2. 118
21. 18, 32, 11.14, tendebat Ept. 1. 7, 31 111111111840 ..
13, 13. 10, 43. G. 11110111 00. 111. 8, 88 1111111111· eure S. 11. 4, 82
,11. 2, 03 tendentes 011 1114, 81 tenuere 011113. 72
3 tendere 00. 1. 1, 31. 2110. 8. tenuatum S. 11. 2, 84
1,43 itm. Ept.t.5‚11 1111111100.11.10,38

 

