020 INDEX.

1111 1111111101. 11. 111. 8. 1. 1111 01.11.10,81; 111. 10, 18. 111111 11111 8.1.10,10
111 81111121. 1111111111 11111811111. 81111
lgm„ 01, 11, 18,2 1111118.11.2,1.1,11 11111 01, 110, 7. 81101
11111 0111. 1,19. 111111, 11111 1111 ’11 8. 1. 8, ml 1111111111111111111 8.110

81. 11118,οδ luguen 111118 111111 S. 11. 2,10. 81111
1111111111) 111,1...1111.111.11,11 n '
1111111 Ρ. 108 11151111 EQ& 18. 811. ms 1111 poem 1111. 11. 1108
1111111111 011. 18, 10 1111111111 [10,00 111101.111.8,15.10,19.11,
ledere od. iii. 21, 00. 8.11, languidum 1111 01. 111. 218 0; 11. 1, 10. 1, 28. 0,11. 8.
18; ii. 1, 21 11111111 0111. 11, 11 ; 11129, 1. 0, 8. 0, 18. 11111. 11,
1111111181111.1,281 21. 111.2,01 20. 1).Ιο
ledit 11 1.1. 11, 81 112,Ῑο 1111511111 8.111. 1, 89 111111 E 110
11111111 11111. 1188 111ς11101.11,2,10. 811191111οω 1111110
1ε11 811112 1111111101111818 1111111 Bp. 0, 01
1111111111111111 111111 11111111, 111 ¹⁸⁸ff190d'¹''⁹’⁶⁵ ⁸⁹⁴⁵&
Laertiaden 01. 1. 15, 21 11111111 Εὲᾀ, 01. 8. 11. 1, 29 111111111 01. 11119
1111011011811 11111111 ,111110 811111111111110111108111
1111111 8111. 1. 211 2, 18 11431
11111 8. 11. 1, 01. 8111. 11. 2, lupide· od. 111. 11, 2. 21,18.11111111 01. 1. 0, 21
111 20, 80, 11. 18, 11. 8. 11. 1, 1111111111 .11,10. 81110
111111] 111101.111.10,81 88 luten 8.1. ,80
111111 11118 1111111111 8. 1. 0, 01 1111111 811120
lau 01. 1. 25, m iii. 21, 21. 11111111 8111. i. 10, 10 111111 11111111 ,1110
21110. S. 118 1111111118.1.2,80 1111111 8. 11. 8,
111111 01121, 0 ; 11. 0,10 lupi· 01. 111. 1,11. 8.1. 0, 110 11111111 11111 8. 1182
luatur 0111. 10,1 1111111111 0111110 11111 0111118. 81111.
11111 011. 10, 175 111, 18 1111111111 011. 1118 11111. 1. 1, 0
1111111 011111 111111 01. 11, 10, 12 1111111 legi· 0111111
11111111 011211. mm 11111111111111011.12,10.111111111 ,1, 1. scum
111111 8.11. 1110 8.11.8,12 11111111 811112). ,11,
1111181108 11111111 0111. 10, 11 12. 1110. 10,82;1 ,111
letos 1111 01.11.2,11 11111111111111 8. 11. 2, 00 latino unguine 011118 ’
1111111 01.11.11,10;111.1,81.11111111 01. 111218 1111111111 mm 0111115 1
1111110. 8. 11. 0,]11 111118ἷ.2,80, 8.11.8,101. 1110, 10 Ι
11111111111116111,1111111111111111111 Ι’111111111111 1111111Ηι
1, 11. 11111. 1. 11, 1111111111 ,1111111 1111111111 ..
1161111111. {J 111111 '¹⁴’ 111111181111111θ’85 111111111Ιᾶ 111111119
11111 8.11.1,9. 811,1.10,1211111,011, 12,11; 11121111. 1111111 01. 111, 10. CM
111111111111111111111111111. 8.11.5,11. 81111. 1,10. 1, 8111111121. Im
l,2⁰6 08 .. Ιι111101112,9.10,2;111
11111 1111. 1. 1, 02 111111 01 111. 28,1. 8112, 00. 0. 8. 11. 2, 118
1111111810.οῙ 11110. (1880 111101 0118118
11111111 S. 10, 10 Larem 8.1,11 00, 11.0,11.0,1111111111111·111 0111111
1111111111 8. 10, 12 00 1111111111 01.1.21,1;1118.
1111 1111111 8.1. 0, 11, 11. 1, lug· 1111 01. 111. 18,0 12
1. 1111111,οὕ 1113111111111 01. 1. 0,0 1111111111 mals
1111111 01. 111 111. 8. 1. 2, 1111111111· 11111. 1, 10 111111811181
120. 11111...1.10,1 1111111 S. 1. 8,11 1111111118.11.1,80
· 1111111 01. 1112115. 11801 1115111111511101.11.18,18 11111111 1111111
11111111 1:2122811'86'81115 'affin 5051 11. 1, 18. 2, 00. Ep. {nffitsEpffss
1111... 1111111111 1111111111 111.. 13113111
1111111 8.11. 1111 lugius 1111111111 latrociniis 811111
111111111131111 8112, 22 111811111 8110, 86 11111111 ΒΜ 19. upum
[11,. 11. 111, 11, nugas 1111. 1111 latronibus 1.1’.1,11; 111
11111111 111111101. 1. 22, 21- 11111101.11,1,11. 8.1.0,111111111 111109
11111011. ’12, 10 00; 111111 11111111 111111 81111115
111111 11111, 1. 10, 10 111111 Epi. 112, 01 htm 0111101. 8.11. 1
111111111111 mamma· 011111 11111. 1111111
1111011011218 ⁴ 1111181101 1111η11ρ,ι,ῃ,1.1,1,111 ,
11111111111118 111. 1821 1111111111 8111011 111111 81110
hini} (ἐ11ὐ21ῧὸ1000. 8111118113 (71153 1οἑζ1ς ί1ὶ1,’11,22ὲ. 111818111 8.11. 1, 12. 8111111
Ι. 1 · ¹¹¹· · · 1 · 1 1 1 1 ι
11111111111111111 1111111111. 111. 11, 11 Ι“1ι,1,“1111,”11);1 11111111.
1111111 011112 111111101111. 118. 8. i. 8, 88. 111. 2121. A&
Immo 1111111 01. 111. 11,1 181 10 1. 11211112, 081
1.... 11111, 1, 11. 111. i. 11, univi„ 11. 1. 11, 1ο 50'. 55, ἠῶ, ⁶ 1, 1,.11
111 111. 111 mem. 1111111 1111ιῖ 1, 11111

 

