INDEX. 111

11111111 00. 11. 8, 4-1. Ρ. 104 longi 11111111 00.11.14,10 11111 Epi. 10, 00
litigio-u· 8110,Ἑο longinquis 811. 1. 8,0 11111111 011110,οὀ
1111111 0111111100 111111100.111.04,11 11110100.1.0.0; 111000
11111100. 11. 18, 01. 00, 14.11111118111.1.7.80. Ρ. 801 1111011 Od. 1118. 00
Ep. 10, 40, 00 longius 00.11.00,4; 11.0,11. 1111111111 00. 11. 10, 14. C. 8.
111111 ocii. 0, 14. 00,8;11. Ρ. 000 0
0,14. Ep. 10,01. 8.11.0,11111100.1.0,07. Εῃ.1,11.111111111111’.11
000 8,1. 8.1.0,00; 11. 0, 110. 11111111 suntor 8. 110, 0, 00,·
1111110110111111100.111.17,8 0, 00. Epi. i. 10,00511. 1, 11101170
litori· od. 1114, 00 4. Ρ. 800 1111111111 S.i. 1, 0, 07. 10, 00,
11111 00. 1. 08, 0; 11. 10, 1111111111 P. 400 01; 11.1,17,00
111. 17, 10. 0. 8. 08 longo· 00. 111. 07, 40. 8. 11. 0, 11111111 Ep. 0, 0. 0. 8. 10
11111 1111111111 00. 111, 18 008. Epi. 1.10,·00 11111111 1111 8111110, 180
lituo 00. 1. 1, 00 longum 00.110, 17; 111. 4, 0. 11111 purum 111111 00. 1. 4, 11.
111111 mus 81. 0, 107; 111. 07. 0,118. 1000
11111111 spi. 111, 107 0, 04. 81111081 11. 1, 100. 11111 00. 111. 4, 7
111111111111 811111. 100,οὶ 11010, 400 1111111 Ρ.088
111101 00. 1. 8, 10 lon 11 00. 111. 8, 07. 11, 08. 1111111111 01118,Ιο
11111111 00. 11. 0, 00 ,170 111111111111 00.1.17,1
11110118 .0, 47 1111111111 8.11, 10 111111111011111 00. iv. 10, 00.
1111011 0.11.0, 10 1 1111100.111.10,10. 81. 81111014
1111011 8. 1. 4, 00. Epi. ii. 1, 01), 80 11111111 Em, 40. 8. 111, 00
89 11111111 8. 11. 0, 01 Lucrino 1111 00.11. 10 0
11111 00. 1. m. Epi. i. 17,08; loquaciter Epi. i. 10,1 11111 00. 1. 0, 14; 11. 4, 10. 8.
11. 1000. Ρ. 008 Ι 111111 Epi. i. 17, 0; 11. 1, 1. 1, 001 110, 00
11110118.1.8,0 1111111 00.111.10,11. 81111,
1111 1111111111 00.11. 18, 18 1111110010.00,18;11.0,40. 11. Ρ.400
1111111 1111111 8. 1. 0, 70 111111111 1391. ii. 1, 00
iocis 8 ,0,00. Ρ. 010 loquutur P. 114, 007 1111110111 11111111 8. 11. 0, 08
1111 00.11.10, 08. 81).11,14.Ιο(111111 00.111.11,0 1111111111 00.1.1, 10
8. 11. 7, 01. Epi. i. 7, 07. 11, loquendi 00. 11. 4, 08 1111111111 E 1.1. 10, 40
01. 10,0ος ii. 0, 00,40, 110, loquendi Ρ. 70 1111111111 pl. 11. 0, 71
000 inquens S. i. 0. 10 1111111 00. 11. 4,00
11111111 00.108, 8. 81111804 loquentem 00. 1. 00, 04. 8.14, 11111111 Ep. 10, 00
1111111 8.1.0, 17 18. 81111010 11111111 00.111.0,8
loculo· 8. 1. 0, 741 11. 0, 110. loquentes 8. 1.8, 40 1111111111 00. 111. 8, 10
Epi i. 1, 00 3 11.1,170 loquentis 8. i. 4, 18 111111 00. 1100, 00
1111111818, 18. 1. 110111111118111101101. Ρ.104111111118ἒ1.11.0,00
1111100107. .00 Ι ui 00.11.10,1. Ερ.10,7. 1111111111 1111040
1111111101111111. 8.11. .1.0, 07. Epi. i. 7,07. Ρ.1111111811.1.6,80
0, 00. 0, 08. Epi. 1. 1, 00. 0, 100. 080, 801 111111 00.1.7,18. Ρ. 10
80 loquimur 00. 1. 11, 7 11011 opus 8. 11. 0, 000
1111111111 8110100 1111111101118.1.,10,00 1110111111 00. 11. 10,10. Ρ.
111111111111811.1.7,10;11.1,111111100.11.0,4. 8111110, 107
107 . 140 11011111 81111100
11111111οδ11 Epi. i. 1, 00 1111 00. 1110, 80 11011111 Epi. ii. 0, 101
1111111011 8.1. 1, 110 1111111 11111111 110111 00. 11. 0, 8; 111. 10, 0,
11111 00. 11. 0, 01. 8.1.1,10, 11111 Epi. 1. 10, 17 10. 01, 00. 00, 00. 8. 1. 0,
70. 0, 00. 0, ffl, 61; 11. 011111 8111107 40;11.1,70.0,048. 811111.
40. 8111108141.11,111111118.11.4,80 0180. Ρ.870
00. 10,.10. 10, 47. Ρ. 10 11011111 00. 1. 10, 8. Ep. 10, luderet 111111. 1, 00
11111111 Epi. ii. 1, 07 14 1101 811111. 1, 000
1111111 8.11.0,07 11111111 Ep. 1, 08. 8.11.0,11011111111011.114,10
1111111118 .0,07. 8.1.0,00. 001 1101111 Epi. 1.1,10. 0,7; 11
81111. ,70 1111111118 Ι. 1. 10, 01 1, 180
loliginis 8.1.4,100 11111111 8 iii. 0,178 11011 11 vilibus 81. 10, 70.
11111111 8110,Βο 11111111 ,111.οὃ 811.1.7,00;11.1,107
lani 00.11.0,80. 8111. 1. 18, 1 11111111 8.11. 1, 04. 8,0 11011 impudens 00. 11. 10, 4.
1111111811.1.00,08 Ι11100.11.11,10. 8.11. 0, 8110,οὃ
long: 01. 11, 11, 11111. 111.11,11.1.11,11.1.111 111101.111.1,1.111111,
10, 1. 10, 001 111. 0, 0ος 11. 1111111111 8. 11. 0, 80. 81111. 18, 0. ’17, 40
0, 07. 8.1.1,00. 0,100.1, 100 11οο 111111 longo 00. i. 0, 07;
180;11.1,10. 811.1.1,01.111111100.111 8,10; 11.0,0. 11.10,0οξ111.4,11. 8.11,
Ρ.001 1111111111111. Ρ. 07. 8111110. Ρ. 0011
11111118.1.0,104;11.0,84 1 0,448 11011111 8. 1. 10, 07. Epi. i.
ion 111 00.1.1,10 11,7. Ep. 1111111111 00.111.10,14 17, 01
lias 11111118.11.7,48 1101111800. 8.11.0,48. 8,
11111111118.1.0,07 111111111νί111 00.111.01,08 70. Epi. i. 14, 10
longai 0d. i. 00,7; 11. 0, 07 11111111 0111118, 14 110111 00.11. 1, 0 5 iii. 10, 1.
1ο113100.11.0,0. 8.1.1,01. 11111111 00. 1. 07, 0. 8.1. 0, 00,00;11.0,40. 8.1.0,70
0, w. 0. 11102. 0, 181 ii· 1011 111.οὁ E 11. 1100. 18, 00; 110,
5,73, Bm 111111 od. 110, 40 ,140 Ρ. 00

1

 

