INDEX. ¹ 503

2, 6. 18,9; 11.1,80,176.1111181108.11.7,28. 1141111111 E 111049
Ρ.111,111,111 111111 11111111]
buta 08.1.4,16 1111110111 81275 111.15,16.1111 0111618. 1111119
bufone 01111119 8111155 , 11111 011111. 28, 29. 811. 8,
hulmus 08.1.22,7 111111 8. 11. 4, 78 87
ee 08. 1119, 14. 11, 885 11. fecibus P. 277 111111 8.1.5,69

6,88 ⁸ 1111110118.11.8,9 1111118.118,229
cem 08.11.18,28 . 11111 08. 1. 81, 9. 8112,1111108.1.18,19;11.19,9,18;
11111 0811112148. 8.1. 6, 8.1. 1128 11129, 82;11. 1422. EM.
18. 11111111111111111101.11.ι,11.1111, 87. Ρ.860

1218 Ι 55 11111108.1.12,85. 111116,
teet-em S. 1. 4, 122. 10, 8181111111 08. 1. 20,10 58.16,84

Ept. 11. 2, 52 Falerni 08. 1. 27, ¹⁰5 11. 8, 8. 11111111 8. ’1.6, 97
1111118.1.5,59 . 1110. 811118. 8.1.10,111111111111111111118
111111 S. 1. 8, 2. 811. 11. 2, 24;11.8,115.811111811111111111111818
,18. Ρ. stt 18,91 1111111118.11.8,255
acetum 8.1.19,44 111111101.1.1,11 1111181111 .12,18. 8.11.2,14.
111111 8. 1. 2, 26. 4, 7. 8118111111 8.11.2,15. 4,19, 24 4, 78. 1111. 1. 19, 255 11. 1,
¹: 6, 55 8111111111 8.11.8,16 215
'actm od. 111. 28, 2. 8.1.1,1111111118.1.6,1Ι8 fastidienti 111. 5, 78

16. 8, 91187. 4,187. 0, 40, 11111111 08. 1. 5, 12 1111181111 8 .17, 78

41; u. 1,5. 24, 57. 1111.11.111111111.15,21. ΕρΙ.11.2,1111181111111111111299

2, 57 Ι · 127. 8487 1116811111 08. 111. 1, 87 ·
11111118.1.4,78 111111 01112160 1111181118.1.8,44. 111118,
111111 S. 11. 68. 4, 58122. 111111 08.111.7,20 11

10, 25; 118,177, 258. 6,14. 11111 08. 111. 11, 40. Epl. 1. 5, 1111181111 1391. 1. 17, 15

1111.1.1,65.9,2;112,196 81 1111181181. 2,115. 1111. 1.
tacut S. i. 5,102 11111181 1 11 811. 1. 16, 54 14,
11111111 8.1. 4, 52 11111111 .11.2, 12 1111181101111. 1,28. 111111.
111118.16,88; 11171 111111111ρ.11,11.111118, 122 .
1111111 08.11. 5, 14. 10, 5. 108 1111181111111.4,12

8.1.2,94. 5,;11.8,86 18111108.11.8,10;111.14,20;11111108111115 -
11111181 S. ii. 6, 28 11. 4, 52. 8. 11. 7 , 114. 1111. 111111 011111. 17,4; 11. 14, 4.
111111818.110,79 1.16,61 8.18,112. 8111148
1111111 8.1.4,185; 11. 6, 48 11111111 08. 11. 5, 22; 11. 6, 1611111 tt 1112, =

1111111111 111111, 28 11911111 11111111 1111111 8.1. 6, 95 ..
facienttbus sspl. 1. 168 111111 08. 111. 16, 82. 17, 12.111108.1.15,5. 24,17; 11. 18,

111111,11111,08.11. 18, 22. 8.11.5,50 16; 111857. 9,12,16. 11,
8.12,87; 11.4,12 111111 Ρ. 42 281 11. 2, 88. tm& Ep. 7,
111111, urb, S. 1. 9, 28. 11111. 1111111 11 1. 1. 6, 46 17. 17, 62. (1. 8.
160. 11885 1111118151 111111 011. 87, 21
111111811151. 4, 20. 5,66 111111 01111. 2,191 111. 7, 14. 111111 E 1. 11. 1.11
111111 1111, 284 8. 112, 6. 8111. 16, 88; 11. 1111111 gd. 111. 8, 19
facilem 01111 11,8; 11121, 4. 1, 212 1111111 S. 1. 8, 111
8.1.1,22. 2,119 11111 S. i. 1, 61 fatentur 8. 1. 10,8
111111 otii. 1226 1111111 1111. 11129 fatebitur 811176 ·
facitis 08. 125, 6. S. 11. 5, 76 111111 811. 1. 16, 89 fatentes 111111, 17
11111111 tt 111. 1, 219 11111 011. 12,46; 11.2,6; 1111111111 8. 11. 8, 805. 4, 4. 7,87
1111111818.1.16,56 1,12;11.15,14. 8.1.2,59,1111118 1. 11111, 85. P. 418
facio 1111111121 188. mu. 1⁰,635 ii. 186. 11111111 pl. n. 2, 148
fanin 8. 1. 4, 79 ; ii. 8, 182, 191222. 5, 80. 8, 66. 1111111111 11111. 1, 67
812 1.4,19. 118 1111 08. n. 17,21
1111181164. 2,19,97;11.111111 8. 1,1,11; 11. 2, 9111611111 01111119
8, 281, 812. 7,117. 8111. 1111111149 1111111108.11.11,12
1117. 114, 11168. Ρ.11111118.1.2,12, 61. 4, 81116111811210
467 118; 11. 7, 67. 81111151111111111 01111148
fuciunt Ρ.482 Ρ. 119 fatigatum 011114, 11
111118. 1. 8, 45. 10, 48. 11111. 1111111 08. 1. 21, 18. 8. 1. 2,6 fatigent 08. 1. 2, 26
17,16; 1111181287. Ρ. 111111 08. 111. 16, 18. 8111111111 01111251
&287 18, 28 1111 8.1. 10,68
111118 11. 2, 40 11111111 Ρ. 469 sutum S. 1. 9,20.
111111 f 111. 1, 216 famosis 08. 111. 15, 8. 8.11. 1, 11111 8 .14,4
11111111 11470 ’ 68 1111111112114. Ρ. 196 1
sueto 818, 81 famoso 1111111181 fateat· Ρ. 196
111111 8.1. 19, 58. Ρ. 427 1111111118.11.7,51 1111111111 08 1112146
tuctu 811124 11111111 0111118, 26. 81111111 08. 111. 11, 50. 1111 11.
11111118.1.5,95.6,99; 115, 5 188
81195. 1111. 11. 2, 82 1111111108. 111. 1, 86. 17, 16 111111 08. 11112
11111111 08. 1. 22, 6. 8. 11. 6,7 famulus P. 289 stultam ⁰1:³¹· 6, 28
1111181188 ’ 1111 01114, 48. 111.16,1911111108.111.18,1
111111110111. 1, 85 fanaticus P. 454 11111 Ρ. 244
1111181 01111, 1 11111111 8. 1. 4, 21. 10, 80 111111 11111. 19, 4

 

