672 INDEX.

1118, Ν. 1188, 11. 11111111 8, 110, 82. 111.11.1,11111111.11,11 ⁸

15 289 1111111101.11.8,21,111.28,
111111111111011.111.20,10 111111 nominis 011. 111125 Ι12. 81100
1111111 8111171 vetulam 0111111116 manu 01111. 17, 80
11111111Ρ.166 · 1111111111.1.10,5 11111101.11.0,22
11111111 8111111 vetus 1. 16, 8, 111. 8, 21. vietor 011. 1. 6, 2, 111. 11, 1,
11111116ρ1.1.7,16 18, 7. 11112. S. ii. 1. ina& 841- 1138· Rs·-
111111118.11.2,27 11111111. 8111117, 1111. 8111118113,
1111111111111111 11111 ⁸⁹¹ Μ’ ω’ 1’. ω’ ,1111111111111 11111,
vescor 8. 11. 6, 66 11111111 deserta 1111111118 S. 1118

1161181110 vetustis EX, 118 victorem 01. 11. 8, 6. 1, 61. 1

vespero 011. 11. 0, 10, 111. 10, vetusto 0 ,111. 111 1111. 111, 156. Ρ. 81

26 . 11111101.11.0,8 1111111181. 18. xpum,
vespertina regio 8.1, 180 111111 01111. 1128. 818, 61
vespertinum 1111118 18 111111111111111 01111121.
vespertinus 1111151. 8. 11. 1111111111111 1116, 1 Ep. 10, 12

117. 11 111120 vent S. ii. 7, 00. 61118, 88 , 1111111111 011. 111. 8, 68, 11. 1
1111111111 11 011.1.2,10,111. 112,οθ 28

5, 11. g. 1. 0, 85. 111111. ventu 011110, 10 victricis 11111. 8. 25

2, 111 vexere 11 tigna 0111111111 victrix 11111. 1128
1111110111128 1111181115. 8111111111 81115168. RS&
11111 0111. 85, 21. 81. 116, 08 victum 11111 1111. i. 1118

2106, 111106 mim Ρ. 276 111111111111111 S. 1. 6, 180
111111 S. ii. 1 81. Epi. 11. 2, vexit 011. 1112118 1111111 penuria S. 1.1,08,11.2,

181 1181111178 70. 11111111

1111111011.117,28. 811111 11. 1. 28, 16, 111. 2, 22111111 11έηί 1111011111. 12, 1

81178, 11. 8, 216. Ρ. 81118. 0110611118. Ι1111. ,21 111027

2¹⁵ 011111 21 s ii 1 1111111111 ἰ11111117· 111111111111111111
118οη 1 ⁹ ⁸ ⁸ ’11111118111811001 1111111111 1811110.. ⁹
1111111111 01111111 111111 ,1.17. S. 11. 6, 08. 1111111 811186, 11211111
vestiga 8. 116, 162. Epl. 1. Ι11111. 1.2, 65 1111111111 81181, 111118

l, 71. 10, 21, 11. 1, 160. 2, mm virtutis 0111112111 videbor Ε 111116

80. Ρ.286 ⁸ 11111111 011. 11. 6, 7. Epl. i. 1111111111 [11111212
11111111 ⁰d' ¹⁸ δ’ ω’ 111 1111111. ii. 1111, 11. 1,,,11 1111111111111111, ,
¹ 11111111 111107.. 1111111 13911. 17, 51, 11. 2, 11111 S.. 1. 0, 15, ιι. 2, 81.

’111.’111111.11’111’“8’ θ’ 1111011111. 11111, 1111 ¹⁸ ¹⁴¹} ἢ 1⁶.fi⁵ ἢ
11101 1111. 1118, 22 Ι11001180 ndens 011. ιι. ul, 21, 11116
vomunt 0111. 16, 87 1111111111 8. ιι. 8, 22, 88, 10, 80 8. 1. 1, 08, 11. 1, 1. 8, lm.
111111 01112116 1111111101.111.2110. 8. 11. 802

1111111111.1.10,20.Ρ.270 7, 70 11111101.1ι.1,11.111.1,08 ¹

1111111 111111111. Ρ.88 1111111115,οῖ 1111. 811101
vestrum (1827. 8111811111 011. 1. 11, 11. 11, 1111111111 111, 76. 8, 81601
011180 Ερ.11,11.11,11.-1ο1111>. 11177

nu 11111121 801 1111111118.11.8,01
1111111011111126 1111161188. 011111. videri 0111151118. 8.
1111118117,οΘ 10, 12 11121, 111.116,61,11.
1101111011.11.1,28 11111011.1.28,82,11120,18, 171812, 21. aa&
111118.11.8,187 11. 18. Ρ.86 1111111101.11.8,2.10,6. S.
111101.1.1,11.1,11; 1111111 S. 11. 1, 111. ερι. 11. 11 11, 11. 11111111,
28. 111110. 111121. 177 11111011.1.0,1.1,8 ii'.
1111166 11111101.111.10,21. 815, 2112117. Ep. 1, ἐ
⁷1.

1
1
Q,
111161.1111.11.1,11,11,11111111111111. Ρ.66 0,6.16,11,11.1,22, Ρ
1161 11111181186. 1111111, 268
111111111111118.11.180 80 videto 111168 .
voterit Od. i. 1, 10, 11. 12, 0. 1111111 8111106. 1111. 110, videtur . 1100, 11. 8, 801.

1111111118.1.6,78,11.8,28. 70. 11111. 1121, 11. 2, 11100, 1117116,τὸ
0, 81 171 11111. 112, 11170
vetem 0111012, 11. 16. 12. 1111111 0111112180 videt c. 8. 65. 111116τῖ

811. 2,(12. 1116 11. 17, 02 Epi. 1. 1, 21 ; 11. l, 51, 210
veterno funesto 1·: 111. 8,10 1111111 S. 11. 2, 07 , vid} 011. 11. 10, 2, 111. 6, 21. S.
1111111111111101.ιι.15,112.111ρ111111101118111126 Ι118, 172 . ..

00213101. 7.,ι 101. 1111. 111ἰ121ὁ11601ἑ,1714.7,28. 8.11.2,11ιὲ.11ξί18οξ1.1.2,18,111122.
11111111111111111111111 11111111111111111211111 1111111181111111192
..11. 1111111 1111111111,1 ‘ ' vidit 011111, 11. 11. zm
11111110111126 11111 1111111011, 111. 27, 80 11127, 82, im, 16. 13111.
veto S. 1. 1101 11111101.11.16,2 1 6,18. mn

 

