' 888 · INDEX.

11111111 01. 1111181 11111, 11111111 8 .18, 11 111111 011181. 811. 11.
1111 11. 8, lul· Ep· ll, 1111111111 01111818 18. lm 111181. 11111
81118 1111111111111,ΙΡ.88 111111181111188 ,

1110111111, 1111111.1111111111ἶ11111112 ’111111111111111111111
11818 8111111111 81111180 1111181181. Ρ. 181

11111101.11.8,11. Ρ. 881 8111111111 8.11.8,88,Μ 11111118. 1118111101

11111118111.18,11 1111111811. 1118. 811. 118, 188. 8111111110,

1111111111 011111. 1118 81 818 ..

1111111111. 0111. 1118 1111 8. ii. 8, 188. 8, 88. Ρ. 1111111111 1111 81111111

111111110111111131118, tot 181
88. 811. 117 8111111111 1111111111 011. 11. m 11111111 01. 1118181. M

111111110111181.8.118,111101.19,1;111118. 88, mo. .“ι.8,8

111. 1111111881 8. 811118. 811111111111110 .11118,8;11.11
111111111111111101.111.11,88 tw. 11118 88. 811. 1181. 11181
1112111111110111. lt. 1. 18, 18111011111401ὲ1.11,ὲξ s 1111111 Ἃ 111π11111. 11Ῐὶ

1.ι11.,.,..11.,..

splendidius 811. 1. 1180 11188. 8111118118 111111 811188

1111111111 81188 Sthenelus 011 18, 213 11. 8, 11111111 8. 11. l. tt

1111111111 811. 11. 8, 111 w ’1111111 8. 1117

1111111 81188 stillabit nm 1111111111111 8118 ..

11111111 1111111111 11888 stilum 8111118 stultiut· 01. 1. 188. Sat-l

11111111 PM! 1111111 S. 11. 180 1111111111. 81111·

11111111 flebili 01. 11. 2. 81.1111111118.117,81 18
811. 111181 11111118.11.8,11 stultitia 8.11. &wll ,

11111181111111811.1.8,88 1111111 E 111. 188 stultitiam 01111181. 1111·ι

111111111111 01. i. Ἣ 11111111 ,1.1, 118 18,89; 111111

111111181111818 11111111101.11.8,11 1111111111 8111881111

1111111111 1111. 1118 1111111111 8111188 1111111 s.ii.³‚tt⁵

1111111 01111. 11, 81 1111111 01. imm 11111111 8111818

1111111111 81188. 8111118111111 8111181880 11111118.1.8,81,111-6.15ᾗ
11 11.1.111..1111..1,11 11111111118811

1111111 01. 111118 11111 8. 1171. llll g 2, 81. 7, m. 11. 18

1111118 111111 11111111 811. 111, 181 11111111 01. 111181

111111181118 .11.....1...1.Ερ1ί.1,111 111111181.7,18 ,

111111 Sat. 8, 18 111111111118.11,8811111101.1ἰ188,8. Ml·

11111111 1111111 1111111111 01. 1. 1818. 8. 11. 811.ι 6, 171 11. 8,8

1111111101. ,tlttltllzlltt'Q 1111811111...

1111111 8. 1. 8, 1188 1111111111 01. 1. 8, 8. 8. ιι. stygiis 01111188

81111111 8. 11. 8, 81811 11118. 111. 8,8. 81118111 od. 181, 18

1111111111 mse 118 111111110111111- ll

11111111 0. 8. 88 1111111111111111 8. 11. 111 18, 81. 811 i. 118 llll·

1111111 8. 11. &M 1111811111 81. 111 11178 ,

11181111 01118 11111111111111 8111118 11111111 olm-W· ΒΗ·

1101011110* 1111111111111. n 1.Βο0000· ¹²'¹²'¹''

fl 11 1 1 1

111111 811188 11111111 01. 1. 8, to. 1118 8111111 11111111

11111111, 01. 1. 88, 11. 818, 1111111 01. 11. 11, 88. 8. 11. 8, 1111111 81.Ι 1188

...1111111111 11111111 wll. 1111111, 1 111. 11111110111110111

1111111 121111 1111. 1, ...11111 111 ..1,11. 1111111111οω ,

11 . 11 ...11 1111 sm
111111111111111101.119,8 111111101.111.10,8. 8181111 81.1.8.18
...1111111 1 ;1. 1111 ...1111 111111)

11111 minaei 01. 111 1, 81 1111 itum 01.118,18; 111. 18. 111111 811, 81. Ul

...11. ..11111 ..1,11. ...1,11 11111. ...1. 111111. ⁹²

1111111 ,11181118 88111188 - , 111111 81181

1111111811111 1111 1118111118. 8111111νί11 ,11181 ,

1111111111 01. 1. 8118 1111 itm. m 111111118115· 31111010

...1.1. ..11. 1111, 111 1111111111, ι.. ι1.....1..1.1.1,111118.1

...1.1. ..1...11 11111111 1 ..1. ο... 111111· ⁶³·l

...1111 111111, 11. 1. 1111111. 11111. 111111. 11 111 1111111111

1 p 1 ⁰¹⁰¹ ¹

1.... 1111. 11, 11. 11111111... 111111 ..11. 111111 11111
17, 28 11111111 01. 181, 18 l. 8118881110. 3¹⁶·

...1. 1111111. 1111111111 1. ...1,111 ..1.11. ...1. 01111

stella 8111. 1111 strigis 1111111111 8188) 1181111111111 (ld-¹¹· 111 j

111111181181. 811.1.8,81111111118.18,8 1111111118.1111 ³

1111 11111111..111.11,1.1..1.1.....11.1.11,11 ...1111 1111118
9111 1111181188. 811118 1111111111 ,2225

 

