Ι , , Ρ. inum 8.11.8,”1 BP!- 8118,
. . 8111111111 01818111. 81111. 8. Ρ. 817 ,
1, 218 jubemur-mirere 111111
. . , .1 ‚attritum 01111. 8116 ,1111110101117
, 3 ''. 1, 8. ,11. irroget 8.1.8,118 jubentes 01. 11. 16. 10
. 11111110111118 jubentium 0111118
iprum 11111116 11111111181. 1, 80. 0,18, jubeo 8. 1. 1, 161. 1101, 11.
1111181166 1111181. 1111111 171176
ipre 01. 1. 16, 18. 818. 811111 8111811111. apt. i. juberet 8. 1108
1118. 17, 77. 811614, 11111118 ,11111118111117
168. 167. 186, 11. 1, 8111111 811116 ,1611811111
8, 61. t, 61. 6, 88. 6, 65,OE 111111 .6, 8. 81111811 11.,11111 01. ι. 10. 8, 1118118.
. 811118178117118, 11, 16,17,111,18.1,08 1115, 17. 8. 118, 118.
118. 16, 7, 11. 1, 111, 818.111110111.1116 1117. 11166, rui.
Ρ. 188, 866 isthmius 111111 01. ir. 8, 8 11186
11118168 11118.1.8,11,118,10. 116 ’1111111 8111178
ipris 01. 18118. 8111111111 E 111187 111111101.1.1,8 traxi.
6,168. Epi. 111107 111111 .1. 1. 181. 81111, 811168. PM}
ipro 01.1.18,17,11118,7, 88 iucunde 11176
ir. 150. 8. 11. 8, 86. 11811111 8. 1. 0, 78. 1, 58. 6, 08, jucundior 818, 65
ti, 88. 811116116 11.8,00.8,168. 811.1.6,61.,1111111111161181111
11161 01. 1116 11876 ,111111 11111
iprum 01. i. 8, 88. 88, 88. 88, 1111 8.1.0, 18. 1391. 1. 16, 66, ,11111111 8111101
1111111881. ,17,81, 1111161866 1111111 8. ι. 108
118, 861. 6, 78. 6,18. 1111118 ,1118 1111811188
118. 8, 88. 8111 11,11,111111 .11.6,7. 8.1.8,18.1111118.1.0,76 .
111111 Epi· i. 7, 66 1111111 111111 8. ι. 5. 188
ira 01111 111116, 111111 01. 1. 81, 11, ii. 16, 16.,’1111 01111110, 11.0,11.
10. 81171. 118, 111 81101106. 171161. 8111111161. biit. ,
210. r 111, ι1, ιιι, 11. 11111, 11. 1, ιιι, ιιι, ι. m 1
18, 88. 11110, 111867 iro. judicantem 011111Β
ineunda 01. 1. 8, 10. 16, 88. ituit tenure 8.11. 186 rudiunt B 1. 11. 1, oe
atri 11111 01. 111118 ,11111 0 . 1. ²³, 11. 8. i. 1.
iracundior 01111188. 81111111 0111118. 111111. 181. 6, 16. 1188· 11. 1,
mr '¹2² ι 11111111. 11111,
iracundus 8 11188. Ρ. 181 tutu 0118116 18. Ρ. 71011
irrr 0111 ,0, 17. 8. 1. 8, 76. 111111 01. 111. 116 , 11. 1111. 1111111 011118, 101
Epi. 1 0, 56, 11. 1, 186 Epi. 1. 18, 80 ,111111 81111816
irum 11 .5,61.16,18. 8111.Ῐ11111118.1.6,86 ,111111111111111111811118
11111 P. 166, 166 111111 E 11. 18, 67 ,11111118 i. i. 1, rt
irrrurn 01111. 87, 76 Iulo 011111. 8. i. 7, 88 11111118. dnm
im od. iii. 8, 81. Epi. 1. 1111111 Ori. 111. 86, 18 ,111111 Ρ. 811861. 87
lii 1111111 01. 11. 18, 18 judicium S. i. 1 ὓ, 11188.
11111118 Ι. 1. 8,0 111111 11111, 16 8111111818. PM
imni 1111118186 item 811177. Ρ. w ing· 01. 1. 88, 11, im: ’11.
11111 01111. 8116 111101.1816,11.17,18,ιιι. 118. 818. Bp. 1, 118,
1116181108, 11. 8, 8. 6, 8, 88. wa. 816. (1818. 11
86 8. 1. 16, 06. 0,16; 11. 118, 11111111 0.8.18
irato 8111818 06. Epi. 1. 16, 18. 111. 1111 0111111, iii. 8118
into· 0111118110. Ρ. 107 168. 1168 .118. 11166
iratum 8 . 8, 6. 8. 11. 8, 01. iterabimus 01. 1. 7, 88 jugem 0111116, Β ,
8, 6. i 166 iterabitur 01. 111. 8, 18 ,1111110111 10, 18 ,111, 818
11111111.18,11. 8.118111111101.1.111,1,1110,18 ,1 'r 1181118. 8111.
1111101111. 13 1. i. 7, 80. iterur 11111 Epi. 118, 18 itii
8116, ιι.8,80, . Ρ.01 iterate 8 ,18, 81 iugo 01111111. &it-mr
ire 01. 1. 8, 15’ 11116, 0. 81111111 011111, 16. 8111131111 1151181185
. 111. 111111 111,. s. 111, 11, 11, ιι. r, 111111 s. ..1,11
161, 181. 6, 6, ιι. 5, 17,.17. Epir. 1, 8. 11 iugulent Epi. i. 8, ⁸2
6, 86. Epi. i. 8, 66. 6, 87. 7, ithunam 8.11. 11 ingnio 8.1. 8, Β, 11. 1186
8171118, ii. i, 166, 811. 1111111 Epi. 1111 jugum 01 1. 85, Β, ii. 11,
ntro 1111111111 11111168 1118, 11
irent 8. 11. 8, 161 111111116611ο1011111111 01. iugurtha 01. 11. 1, Β
im 111118, 87 .. 18180 11 161111 61111 liv-⁹1²³
irrrztrrtdtitt 111131. iiiiii?
1111011111 111111. ’011111 rari. ..i 6111111
rrroroorbiio Epi. ι. 18, 71 J'ube 0111. 111. 8. 11.5,11111111111101.1.18,17
1111111111 Epi. ii. 1, w 88 tutius 8. 1. 8, 80
irriguo 8. 11.,1, 18 jubens 01. ιιι 81, 57. 8.1.1,,”1ι1111111,)1,.1118,16
11111111.. 111 ,81111111 1,ι.ι.1,1“11111111“ {itit s
1111661811111168 66. Ρ. 116 1111111 01. 1. 811 ⁸

 

