000 INDEX.

1111111 1111111101.11.00,18111111111).115 11. 8. 11. 8, 87. xpm.
1111111111 8.1. 0, dii 1111111111 8.11.0, 18 80. Ρ. 101
1111111 01. 1. 1, 80, 111. 11, 18. 1111111111.. 8110,οθ 111111 01. 11. 1, 81, 111811

0,).10,8 1111111 01. 10, 88, 1111111, 1111111111 01. iii. 25, ⁵. 8. 1.
10111111111111ορ.1,70 1808. 8.1.0,108.1,01. 0,0
Manus Od. i. 1, 08, 111.5,0 Epi. i. 11,10 mediantibus 8121. 11111
1111111 8111100 Mavortia 111 011118,οδ 111111111ιί1 01. 111. 22st
111111 01.1.17,08, 11. 11, 18, 1111111 011. 11. 0,8 meditantur 0111111188

iii. 5, 0181, 11.11,0 1811111 011. 1. 00, 0, 111. 10, medinm 011. 11. 0, 70
111111111 011. 0, 18 18 11111111101.1.1.0,01,11.11,
11..101.1.11,11;111.1,11 ...1111111111 11, 111111
8111111 111111 11100 11111111 8. 1. 8, 1, 11. 8, 50, mediter 8. 11. 8.ss
111111111101.1.17,0 80, 101. Epi. i. 1,10, Ρ.1111111101.11.10,08
1011010111ρί 01.11.1,80 01 medinm 8.1.1,100. 0, 08. fi.
11111010111111101.111.8,1 11111111 01.11.11,0. S. 10, 07, 11.8,10.0,101 Epis.
Mulio od. iii. 7,00, 11. 11, 17. 8180, 118100. Epi. 11, 5. 18, 0. Ρ. 150808

17 1.0,1 111111111011111111011118
111111101.111.8,10 11111111Ρ1111101.11.1,10,11 10 i
11111111 01. 111. 0, 87. 011.1.1111111118.11.0,15 11111101.1.00,1,111.5,0

111,οΒ 1111111111 8. ii. 8, 80 Medon 01. 1. 0. 01
1111111111 011011 ne 01. 1. 1, 00, 80, 85. 5, 18. 11101111 E ,8, 87
111111131111 01. 1. 80,10 7, lo. 18, 18. Ep. 1, 81. 0111111111 ᾧ. 110, 28
11111111 1111 8.11.1,51 · · 10. 8. 1. 1,10Ιο0. 0,70,11111111 0 ,111101
11111111 0111,Ιο dte. 1111111 011. 1. 87, 5, iii. 8,10;
1111111101.11.7,01 111101.1.17,18.00,10,11. 111110. (28.ss 1
1111111111 01. iii. 01,5 0,00. 18, 1. 01111118. 15, Regilla 111111 0118111
11111101.1.111,Ι,11.1,11.0, 1. 11111111. 011.1.1111011.1.00,0,11.0,88 S.

0. 0111810. 81818. 0, 10, 80, 11. 0, 01,107. Ρ. 11005

00, 11. 8, 08, 01080008. 0111811.. 11111111 omium

0111. 17,10. 111,οὓ 1111101188, 111111111111111
1111111111 Epi-im mii. 11180. 10,08,11.0,111111 011.1.17,8, iiam
1111111111Ρ.88 15. nmen. 17, 75. api. i. 1007, 11. 8, 0. malz i
1111111111 01. 1110110 10018,οΒ 20. 01.1,00.5,10.11.15. ,
1111111111 Ρ. 181 mem od. i. 00,10 17, 78. 111111. 001
111111111111 01. 1. 10,0 mediis 011 1,17 811111ς11 Ρ. 110
1111111111 0111. 15, ffi 11111111 01.11.17,8,1111,00.111111111118.11.8, 1
mutemus 8. i. 0, 8 Epi. ii. 1,111 melior Od. i. 7, 05. 15
8111111 1111111111 0110.οΒ 11111 01. 11. 1, 81. [ip-M 18, 111. 1,10. d. 0.

2⁸.
liniue 1101.11.0,07 11111110111181, 11. 1,80. 011015, 7. 8118, ..
8111111111 11111 01.1.08,8 dl. 8.1.1,187.0,08·,11. monum ἒ

, . 1.
111111011.10,1;11.1,80, 1,01. 011.1.7,70,11.1,08, 1,00.10,81.11, ΙΙῌῦε
iii. 01, 17,11. 0, 05. 81. dio. iim!
0,80 811111 01810. Ρ.108, 185 11111111 01111111 8. 12.
11111111 01. i. 08, 8, 11. 8.11.Μ111111111110 ,5,00 78,11.0,0.0,10, 88. Epi.
1,51.8,181 1111101.11.10,8 imm. Ρ.808
11111111 01.1.80,11, idem: 111111 1111111 8. 1. 1, 00, 11. 8, 11111111 011107, 00. sm,
iii. 11,0. 0111111. (3.8. 101088. 0111181111, 11,105
ld 81. 18, 01 . 1111111111 S. 11. 5, 00
1111111 S. 118810 11111111111101 01111. 1, 188 1111111118. 1. 0, oe. 0111. 1.
matribus 011. 1. 1,01 mediae 1101111 01111. 10, 10 18
1111111 01. 11. 8, 10, iii. 0, 10, medinm 8.1.5,88. 10,88 1111011011 811. 5, 10. Ephi-
11.1,11. 0, 0). 8. ii. 8,11111111 01111010. 0107. 2,oe
180 Ρ.1·18 1111111118.11.1,00. 1,18. 7,
1111111111 01. 111. 0, 7. 1, 50.1111111111111 0 Ι. i. 11, 11 52
8. 1. 0, 08. 0111188. 0111111111111 Philemo 1111111 01. mm. 11,8; 11.
110. 080 1111111111 01. 111. 0, 08 10, 11 ; 111. 8, 10. 10, 80. 81,
1111111111 8.1.0,01,11.7,00 1111111101.1.1,100;11.1,110 0. 07,10, 11. 0, 87. 5,11
1111111118.1.0,51 medicis ’1. 1.8,0,11.0, 117 epam 8.1.1,07. 0.
1111111111 8. 1. 0, 78 11111ω1111011.11.1,110 80. 1, 110188. 111. 10,
111111111011.15, 81, 11.]0, medicum 8.1.1,80,11.8,80 ,15,17, 11115. 111111.
27 1111111118.11.8,117,000 8, 1, 88, 58. 11111111.
111111111111111011.1.1,00 11111111οΧ1.11.10,71,11.0,88 5, 0. 0,18. 15,11,81. 11.
1111111111 01111000 11111110.11.1,7,111.00,81. 01, ii. 051. Ρ. (Β, 811,
1111111111 d. 1117. 10 8. 1. 0, 100. 1, 71, ii. 8, 8. 1811
11111111 Epi. i. 1,11. 7,07,11. Epi. i. 10,7, ii.l,loe. 011111101.11.0,11.18,18;111.
1,100 Ι lamia 10, 88. 01015. 11111.
11111111 01. 11. 11, 08 mediocribus 8. 1. 1, 180, 180. 811010. 1, 01. 1111111
maturior 011. 11. 17, 0 l’. 870 11
1111111 iuneti Od. iii. 15, 1 mediocri· S. ii. 8, 01. Ρ. 870 111111 8. 11. 1, 50. Ρ. m
1111111111 01111111. 0. 8. 18. 11111111111111 01. ii. 10, 0 111111 111 111111
01111. 1. iii mediocriter Epi. i. 11100 1111111111 11111. 10, 11
1111111111 od. 11.5,8 1111111101. 111. 10, 0, 11. 11, 11111111 01. 111. 1,0

 

