528 INDEX.

1111111101 8. 11. 8, 54. 1101. 11. 1111111 8. 1. 1, 48. 5, 25,80·, 11. uiuunt Bpl. 7. 18, 181
l, 180 128. 128. 4, 70. 1101111111111111 0111111185
1101111101ΡοοΜ 00. 11128, 1, 57. um 1111111 11111. 11. Ι, 101
11108 millibus 8. 11,8,110 apl. 77. 11111111 011. 81, 12; 11111111
metuendus 011112, 4 2, 5, 105 mium 011. 121. 25, ⁶3 11.
mutuent 01 1. 1, 10,· 111. 10,1111111111.11.1,11 8, 10. Ep. 5, 01. 8, 11, 18.
10. 2122. 8.12,5.4,82;111111’10 11 ,10,82 12,14. 8.1.1,08. 2.40.8,
11.2,110.8,110.7,50. 11ρ1.111111111101.1.10,11 20,08. 0, ; 11.2,48 8.
1.10,110,00,11.1,10 1111111οι011 01111158 ss, 811. 7, 05. 1101111.
111111010111011.11.2,1 11111118.1.2,2,50 10,18. 11, 51. 18, 101 ,11.
1111111111 01111. 12,2 mimi. 8. 1. 2, 58 1, 170. 2, m, 150
metuenti 1110, 02 Mimnermus 11111101, 112, 1111111111 P·- 471
metuentis 8. 11101180 101 11111 8.11.8,88. P. 410
11111110111124. 1111111101181111ω 1111111111 0111110. apti.
08. 11111. 18,1 1111101 .1.10,0 10.81
1111111111 1110,οὅ mimum 1111111114 1111101111 1111 8111112, 01
metuit 0 . 77. 10, 18; 111. 11, minabitur Od.7. 28, 25. Ρ.850 1111101111 E 1. 1. 0, 28
10;11.5,20. ΕρΙ.1.2,51.111110110111. 7,11;111.20,111110111111 111155
10. 50. 18, 87 ; 111, 107 8, 11.0,1 11111501 8 1117, a PU
11111111 00. 1121111. 110088 11111101 0111010, 11.1,11; 1111101111 pl. 11118. mu
111110 8111,οΙ 111. 4, 54 1111111111 110111112- 1118
metu! 011211 1111111111 1111114 1111111111 011118. 80. &77.
1111111111 00. 1.,11, 8. 85, 12, 1111111 01111. 1, 87; 11.8,10 0 51. 811. 11. 2, 58
1111111111. 1811111111. Ε ,11111111118111808 1111111 ,81111ίῖ11811 1011.
2. 58. 8.1. 0, 00; 11. 148. minutium 00. 1112, 12 Epi. 1.7. 02
80111120. 101110001101111 P. 100 1111111101 1118, 8. 8.11,
111211 mium 0111. 8,8. uuus 80. 11011141
meum 011 00. 777. 20, 57 minui 0111. 8, 20 1111111 00. 11. 0, 15. nu 8,14
meu· 00. 11. 11, 10. 8. 1. 2, minutus 8000 11111111 Ρ. 212
101, um, 181. 0,] 5 112, 2. minax 01 1. 12, 81. 801. 11. 1, 11111101 81. 2, 80
8011101, 11. 1, 258 150 11111111 0111. 1142. 8. 77.&
“’111”1111111“111111111181111.»1. ..11181101 1111.
110, 11. E 1. 1111111 'Minerva 01. 111. 111. 11,1;1.11-.11.1.10,0
mica saliente 777. 111. 28, 20 Ι111. 0, 18 miretur 8. 1. 10, 18
111011 01111411 1111111118.1.4,21; 118, 100 miri S. 7. 5, 102
1110111118.1.8,88 1111111801,οῦ 11111018.11.8,27. 7.01. Epi.
11Ψ1’ἰ1>11111ϋί’187 1111111111. s 11 0111181111111111 m
ι ι 1 1 ἱ ι ιΙΙ. ,
1111011.11,1.18,5.14,11. 10. 2011117110). Ρ.111111110111.1118,88;111.4,18
10,20.10,18.81,17.82,15. 280 8.1.10,28; imm
8.1. 100. 2, 125. 8,18, 10, minister Epi. 1.18,5 111111 ssp. 10, 81. 8.11.4,1
71, 01180. 1101184, 142. ministeriis 11111110 minuo 0111. 12, 27

. 5, 5118. 0, 48, 50, 54, 00, 1111111111 Ρ. 171 · 1111111118.11.4.14

80, 81, 07, 100, 107, 110, &u ministratur 810, 110 miscebis 1111110, u
111111 011. 0, 4; 11. 18, 17 ; ministrent 8. 11. 8,11) minuent 011110
1115, 5, 20; 11. 0, 5. 1112, ministret upi. 7. 15, 20 minuentur 01111. 10, 12
111, 777. 8. 1. 1, 5, 10, 20. ministrum 00. 1. 810, 11.4,1 miseere 8. 11. 4, 05
Εμ1.11.2,28 11111111118.11.1,41 ninom 0111.5, 85. 8111,
Mileti 1111111111 1111111111 815 05
11111111ιί111 Ep. 128 minor 011.
,1111111111 11110, 15 8102010, ς
1111111111 011. 8, 5. 22, 18 1,70. Ε .1.1,100. 10,10,111111111011.111.1,88 8118,
1111111181.1.2,07 48. 12, .1,22; 11140. 21. 11818
111Ιί1111 1111212 Ρ. 180 1111110 811188
1111111011.18,0;11.14,0 1111οη81112. 8.1.8,21.1111111011.21, 18. Bau.
11111111111.1.8,1 11111100. 11,8. 12, 11 18.17,21. S. 12, 8,
1111111101. 77. 7, 18,· 111. 2, 8111110111 Ep. 7, 11 lum, 11.2,00 8, 1-1, 1,18.
181. 8.1.1,7;11.2,11 11111οκ1110111.11,11;111.0, nmmum mu
1113061511011111. 120. 111. ἓ.3ῗ1.118,818. 185. 1111111111 {37ssst (idib 111,
, , 71. Μ
militia 011. 11. 0, 8. 1, 2; 11. minum 00.1.12.48; 11. 0, m 111101181101 011. 88.2
11,.10. 8Χ1.·11.1,124 ,11110111 1101111188 111111110111.8,28. 11,8.
1111111111 0 . 1. 18, 5. Ἠ, 1111111011 8111821. 801. 11. 1, 10
11111. 118, 55 100 miserum 01 1. 21, 18; 77. 8,
1111111111 01111. 0, 81. 21, 2⁰. 1111011011 Ι8111. 11. 184 Ι21; 777. 1, 10. S.7. 1181
...1181111111 up. 111. '777‘0'77'7‘0237’ 1111 1. 111 1111113111. (0111111141
· 0,17. 8.1. 151. 8.12; 1111111101 01 1· ‚minu 21 11111111 00.111.20,58·11.15,
11. 111110,11010111,1111111111ρ11111..101111 11. 011111 '
825. ΕρΙ.1.0,10.10,55 1111111118 112 848 71 11110118.10,8,11

ii 1115, 42. minuerit 1111111

11. 5, 27. miscuisse 81111, 01

 

