610 ν INDEX.

8. i. 1, 81. 1, 10, 110. 1,11111118.1.1,61.1,70; 11.1,111118.1.1,11

111, ii. 1, 167. sspl. i. 6, 05 11 8.1.1, 16

.0. 16, 17 v 1111118.1.1,00 1111111118.1.1,88;11.5,56
111111 11.1,11 1.17. 16,11. 1111111 1391. 1.1, 10 111111 Ρ. 118

8.1.1,11. 1, 86. 1,11. 7,1111111111106.111.11,6 hibern 0611. 11,1

11. 0, 61, 66, 11. 1.166. Epi. 1111111111111111111061616, hiberna S3ii. 6,11
hirtiiiih'ihiiii'rioe nii... 1 1. 1.1, r. 11, 11 iiiii-⁸3⁸5& s. 11.
1111111111106.11.11,6 11111111 8Ρ 1. 8,11 Ι ,17
1111111161 Ep. 16,10 · 1111111 06.11.1,10; 11.0,1111111111 Ep. 2. 10. 17. 66
1111111118.1.8,11 111111118. 17, 11 111061. 11, 11 ; 11. 1811,
1111111111 11111161 1111111111 011111. 1,18 , 111.1,10,12. 7117. 111.
11111118.11.7,61,61 11111111111111.17,11 111,1161.11[1.6,17. 8.1.0,ἵ;
11111111 S. ii. 1, 01. Ρ. 100 116111 06. 1. 06, 17. Ep.15,⁵ 1181681.
11111118.11.1,107 hedure 06.1.1,10; 11.11,1.1111118.11.2,17 ·
11111110611. 1, 18. Epi. ii. Epi. 1.1,16 11111101. 1. 11, 1. 16,15;

1.101 1116111106.1.16,11 11.10,16; 111.1,11. 8111.
111 0611. 11.11ς iii. 1, 0, 11, 11111111111111106.1.1,1. Ep. 10, 16

16,68.17,68,811. 17,11 1111111111 1.1.16,71
1161618. 11161. 1111111. 111111111 06. 1. 16, 1. 8.1.1,11111110 .1.11,10

1, 76 107 1111111106. i. 1,1. 1111111.
1111111111 8. 1. 1. 111. 1, 61 111111111111106.11.0,16 8.1.1,10. .1. 1⁵.l
111611106.11.11,1; 111.0,11. 111Ιὶ1111 Epi. 11.1,118 1111 Ep. 8, 6. ,11011

Ε 1.1.18,61 Helicone P. 106 11111111· E 1.1, 18110
111 rie 06. 1.1,16. 11.16;11. Heliconis 06. 1. 11,6 hilaris 1111111, 103

11, 11, 111. 1, 6. 17, 10 Heliodorus 8.1.5, 1 111111 8. 11. 1, 60
Hadriano 06.1.16,1 11111161 8.11.1,177 hine 06. 1. 11, 111 iii. 1, a&
1111111111. Ρ. 161 hellebori 8. ii. 1, 81 17,1; 11.6,11,8·1.
1111, 1111111, 111.10,10.17,111111111 1111111117 .. 1111111111 06.11.16.16

61, 611. 11111111 ,2, 67. 6,67. 8.11.1111111106.1.11,1
1111611111 06. 1. 17,0 1,10. phi. 10, 10. 11165 Hippolyten 01. 111. 7. 18
1111111661 06.1.11,6 11.1,110 Hippolytum 06. 11. 7,16
1111111111 06. i. 17, 10 herba Epi. 1,7,11 1111111118.1.1,10
1111111111 Ρ. 106 1111111 Ep. 6,11. 8.1. 8, 11, 11111111 8. 1. 1, 17. 1,01. Ρ.
1111161111 Epi. 111, 176 10 m

haereder 8. 1. 8, 18; 11. 1, 81, herbis 06. iii. 18, 11; 11. 1, hircus 111161, 6. 1611
,01 66. 1101, 7. 8. ii. 1, 67. Hirpine 01.11.11,1

11116106.111.11,11 Epi. i. 081. 11,7 11111618.11,6
11111611 06. 11.7, 10. Epi. i. herboso 06. iii. 1119 hirtum Bp · ἰ. 1, 11
6, 11 - Η111111,161. 8. 11. 7, 71. Epi. hirudo P. 176
1111111118.11.1,166 1611. 1.1, 10 1111161118111.1.7,11
111111111106.1.17,17.11,10,11111111111111 Ο6.11.11,6 1111061116. 11; 11111111.
8.1.10,10 1111111111 06.11.1,61 11116. 8.1.1,11. 1. 111.
1111111118. 1.1,77 111111111 06. 111. 1, 0 3 11. 8, 6, 61. 6, 71, 110. 8, 111. 0,
herm 06.111.11,61 10. Ερ.17,11 601 ii. 1, 17, 811.
11111106.11.1,10. 11, 16. 18, 1111111111 11111 06. 1.1, 16 hisee 8.1.1, 100. 1, 70
6. 8. 111, 112. 11121116, 111111111 06. iii. 11, 1 ; 11. 6, Hispan· 06. 111. 11,1
161. 6,10, 86,Ῑο1. Ephii. 10. 811117. 1111.1.1,6Η111111106.111.6,11.8,11
1, 176, 101 here, 111. 811. 1, 166. 11161 hispidam 0611. 10, 6
1111118. 1. 1, 11; 11. 1, 161.111111111111111 Epi. i. l, 86 hispidos od. ii. 0,1
Epi. ii. 1, 60 11111101.111.17,61 11111111106.111.7,10. 8. i.
hunni 06. 1. 1, 0 herile· Epi. ii. 1, 6 1, 89
hugn- 8.1.1,10 111111118.11.7,60 historiis 0611. 12, 10
111111 8. 11.1,11 Hermogenen 8. 1.1, 110. 1116. 111 Ο6.1.16,1;1; 11.8,11; iii.
1111111 111117, 71. 16, 61 10,18 6, 11. 6, 10, 811.
huno 81. 1,111. 1, 01. 1,11, 1111111 onis 8. 1.1,71. 10,8011611 (16.11.10. 7. 81067,
111.6,111;11.1,111. Ρ.111111106.1.11.1 6ος 11. 1, 16. 6, 17. Mi.
111111111 06. iv. 1,10. Ep. 111111 8. 11. 1, 011 Epl. i. 7, 10, 70. 16, 22: ii.
16,8 11111611 Epi. ii. 1, 181 1,160
111111111111 06. 11. 0,11; 111. 11111 8111, 101. Ρ. 111, 117 hodierna 06. 11. 7, 17
0,.16 herum 06111811. 8.11.1,11116106.111.1,18
1111111611 othir. 8,10 110. 8111161 1116106.1.1,11;111.11,1.
Harpyiis 8. 11. 1. 10 hem 8. ii. 8, 10,11 8.11.1,111
harum 06. ii. 11, 11 11111111106.1,16,1 1111611 06111. 18, 6. 111110
1111111101. 8.1.8,10 Hesperia 0611. 1.11. 17,111111118.1.10,61
111161111106.11.1,08 10, 11168, 11.6,18 11111111106.11.0,6. Epi. i.
1111611111106.11.1,71 Hesperiis 0611816 10,6;11.1,60. Ρ. Ihm,
11111 06.111.1,1 1111111111 06.11.16,16 101
111111 06.1.16,17 111111118.11.0,101 1111111611 111117, 11
hngg 01170 ,018 01166. 1,111111111811.1.78 1111111111 06. 11. 8, 8. 8.1. 0.
ΜΞ. .6, . ,00.0,17,11ἱΰο6.1.1,17.1,6.160, 1110’;41ὲ.11,160,170. 8111.

 

