INDEX. 199

domus 01. 1. 1, 17. 7, 121 1111111111 11p. 5, 85. 8.1.9,16 5, 56. 9,68. 8.11.1,61. Epi.
1283 1116, 211. 16,12;11.(11111111 1111112 . . 11, 8. Mla
5, 21. 9,19.11,6. 8. 1. 2, 111111 01. 11127, 2. 111111.1,11111101.1.16,11.8.11.2,75.
129; 116111. 81111. 2, 11626 5,12.11111.1.11,26.Ρ.99
17, 51. 6,15. 1626. 16, 115 duee 01. 1. 2, 52. 61. 7,27. 1111111111 Ep. 16, 18,
11.2,199 16,16; 11. 7, 2; 111. 6, 21.11111118.11.1,16
domm 01111128. Ep. 2, 65. 61111. 1, 16. 18, 56, 62 111111 01. 1. 26, 9; 11. 12. 16.
8.11.5, 166. 6, 86 1111111 01. iv. 6, 7. 11p. 6, 16. 8. i. 6, 69. 1,165. 11111. 1. 1,
donn 01. 111. mn 11.9,12. 9,21 51. 7,12. 16,86
Epi. i. 6, 7. 7, 161 11. 1, 216. 1111111 Ε . 17, 66. 8. 1. 6,161 dulcissime 8.1.9,1
(1111111116. 1115, 62 11111111 §.mol 1111111101.11.1,1 .
donaberis 01.111.16,6 11111111.Ρ.151 dum 01. 1. 2,17. 1, 7. 6, 9.
donandi 8. 11. 5, 79 11111118.1.6,12 11, 7. 1626. 22, 16. 61, 2,
1111111111 01.11.2,9 11111111 01111. 6, 66 611.
domni Ρ. 256 11111111 1111116 dumeta 01. 1111, 66. 29, 26
1111111 01. 11. 8, 12. 12, 9. 8. 111111111111111111. 01.11.9,66. dummodo 8. 1. 1, 61
11. 6, 172. Ρ. 126 -11111111111 8. 11. 6, 61 duntaxat 8.11.6,12. Ρ. 26
donarem 01.11.6,1,6 11111111 8. 1. 6, 11.1,6.16,11118.1.6,117. 7,15,11. 6,
don-ri 11 1. 1.12,6 111 166
donnini pl. ii. 2, 152 111111 01. 1. 12, 12 ; 111. 6, 61. 1111111 8. 11. 6, 169. Epi. ii. 2,
1111111111Ρ.126 11,11;1ν.7,6. 12,11.8.11. 61
1111111111 8. 1. 5, 65 1, 69. 6, 62. Ε 112, 61. 16, duplice 8. ii. 2, 122
11111101.11.2,26.8.1.2.56; 16. mim ,127 duplici 11 11. 1121 .
11. 5, 69. Epi. 1. 6, 67. 7, 29, duceret 1111116, 27ς 11. 1.219 duplicis d. i. 6, 7. 8. 11. 1, 66
89. 16,111 1111111 811. 7, 82 dura 011. 18, 6. 65,61; 1116,
111111111.1.7.69;11.1,18111111 01. iv. 1, 22-1111111 27,26; iii. 26, 6. Ep. 6,1.
donatum 111112 011117, 22 1,1.11,22. 8.1.2,16. 19,
1111111111 01. 11. 6, 26 11111 11111110111.1,21;111. 26, 571 11. 2, 88. 1,16, 27.
donum 11 111. 1267 16,16; 11.15,29 .. 111111. 1, 225 11. 1, 111. 2,
1111111111 .11.2,66 111111 01.11.17,9; 11121765 16
1111111011.1.9,17; 111115. 11.6,5 . 1111101.11.11,59
8. 16, 196. 5,21; 111, 711111, 111 Ep. 1, 18. 8. 11. 7, duram 011.111.7,82; 11119.
6,56. Ρ. 155, 811. 68. ,676 8.1.2,6
donem Od. iii. 22, 6 1111511 01. 11. 6,15. 611111. 1111111 01. 1. 11, 7. 8. 16128.
111111111111 1,111 11111111
dom 01. 1. 61, 18. 8. 11. 6, 11111111 Epi. 11. 2, 262 1111111 01. 11121, 89
167 11111, a 1111 01. 111. 11, 7. 8. duraveris 8. 11. 1, 72
(1111101111. 6, 27. (18.66. 11711111 , 1111111118.1.1,119
111111. 16, 169 1111111111, 01. 1. 15, 5 1111111 Ep. 16, 65
11111 Ep. 6,16. 1111111262 11111 01. 1. 1, 51 111. 17, 111111 01. 11. 1,16, 11111111,
111161111116 27,12; 111 1, 66. 5, 66. 8, 66
011111111111111 Etim 61. S. 1111, 11; 112, 65. duri 8111111, 61
11111111 11 1. 1. 18, 61 61111. 1, 96. 6, 571 11. 1, 75. 111111 01. 11. 1, 57. Ep. 5, 69.
dormire .1.5,17; 11. 1, 7. Ρ.61 17,]5, 6.1.2,17,
Epi. 1. 2, 66; 11. 2, 51 11111 S. i. 6, 62 111111 8. ii. 6, 22
dormirem 0111111111 11111 8.11.7,162 1111011111161. 21,11
donni! 01. 1. 25, 6. 8.11. 6,11111 01.11.12,11 duro· Ρ.116
‘m 11111101.11.6,26 ’ 11111101.1.21,19;11.12,2;
dormiiabo Ρ.105 dueum} 0611111181Ὧ1 s· 111 2, 11. 11 71 s· 119142 .
dormint Ρ. 859 56 durus 8. 1. 1, 6. 7, 6, 29. Epi.
1111111111 8. 1. 5, 16. 6, 1161111111 1111111162 1. 7, 91. 16, 76.
61111176 dueum Ρ.76 11111 01. 111. 6, 5; 11. 5, 5, 67.
dono 8.1. 9,21; 11. 6, 91. Epi. ducunt Epi. ii. 1, 86 Epa& 111111. 11126
1. 16, 66 111111 11 111. 1, 251 duxit 01. 11. 2, 59. 8.11. 1, 66
11111 01111. 21, 21 111111 01. 111. 11, 18
1111111111 11111. 11. 1, 176 1111111 01. 11. 15, 6 ι
11111151111111.1.6,21 1111111011111811191911 11. . .
doma Ode 1111 24, 19 71 1112198 ¹
111101.111.29,56.81151111110111·112· 11,11,11.111,ι,1,ιιο,1,81,111113,
1111116611 62,15; 116, 111281 111. 611.
1111812161 2,16.25,18;11.12,28.1111.1111111117, ii.l‚81. P.
1111111118.11.7,16 ‚¹28⁶ 1'381· 1· 71 2¹· 18111111 686 ..
1111111111 01. iv. 1, 11 ιι. 1,16 . 2,9 eidem 8. i. 6, 72. 16, 1. 1111111.
1111111101.11.1,16 1111111101.111.1,19;11.6,16. 1,29. Ρ.656 ⁰
1111111 0111. 11, 19 8.11.6,199 1111111111 01. 11. 16, 7. Epi.
1111111111 8.1.6,15 dulces 01. 1. 9, 15; 111. 6, 6. 1. 1,1, 82. 11,18; 11. 2, 56
dubit 8. 11. 2, 77 9, 16. 26, 7. 6 .2, 16. 16, 1111111 Ep. 16, 66. Epi. 16, 56
115111111116116 65. 8.1.6,169.111111.16,15.1111111 8111192 -
1111111 01. iv. 9, 66 19, 5. 111, pron. 8. ι. 16, 11
dubios 8112 168 11111 01. 1. 17, 19. 16, 26. 66, 11111115, 11117. 6159
dubitem spii. 111 1. 1111, 11. 11 1111111111111111111. s. 11, 1ι;
dubito Od. i. 12, 65 1. 16, 2 3 11. 5, 16. 1111.2,17. 1111266

11119

 

