INDEX. 525

. 208, 11. 0, 5. 14, 1111101115, 1².oe 1111111 01. 111. 207
,0. 88, 100. 08011111 01. 1. 14, 10. Ep. 101111111111 811111, 10)
0120. 811110, 18. 810102.1,50.·4,111111118.1.5,87
2. 1014. 1'. 211, 121, ii. 1. 205. 811.111,111111118.1.0100 ·

158 11111 01. i. 8018, 11. 12, 0.
m, ii. 5, 21. 1711111011 01. 1108 102, 1111044. Ep. 8, 1.
111 ¹ 1111111111. 11111 111111. 11111011.

,81 010111111111111181021 8208
3. ,11.81711ἑ2ἑῖο ωιὲηὲιΙὲἔηοι 01.1.81,10.1111111411ὶ81.1,21.4,18. 011
· 1 · 1 1 · ι 1
11 1111118108 111111 01. iii. 00. 2017, 11.
,115100 085. 8111111111 8,1.11,17.18,17.8.1. 108. 81101210181.
31'3'31'1¹⁰⁰ niiii'i’ii ÷i¹.'i‚'2⁴ii ⁴' ιβ niuibfiiii, 11. 11, 11,
8. 1. 5, 55. 0, 10111111 01. 1. 22, 10. 8.12, 11100201, 071010.
⁷.ss 7. 012, 8. 4.8,11. ,811 11111. 17. 1. 40. 08.
BL 81 99¹⁰· ¹⁵, m 4, 421 ΕΡΙ· ἰ· m, 2⁴5 8811, ⁵ S· 8141721 ⁶72¹

d. iii. 6, l. 111, 18. 124 mn pt 8. ii. 008. 11111,
011 · 111111111111111111101.1.14, 81
.1.12,17,111.4,07; 01112058 111111811081
17. 4, 114. Ep. 077.111111111,111111 Ep. 8, 7 Marcelli 01. 1. 12, 40
4. 8.1. 084,1101111111111111111101017 marcentem 811058
57. 811. 12, 50. 4. 11111111 0111015 11111 01. 1. 014. 1, 10. 0, 7.
11040101 1111111 01. 11. 11, 2. 11110, 11,5.12,15.14,1.1010.
11111118.1.8.10,11 47 202. 20011084. 02.
1, 42. 8, 48. 018. Ρ.11111111111111 81. 027 12, 2. 1017, 111. 1, 20. 4,
1111111 8111. 10 44 45. 20047. 2080, 11. 5,
111 01. 1. 8, 28. 15, 1111111111 8. 1. 011 10. 12. 1. 11111, 52. 18,
.10, 1. 8.11.1,78.11111101.11.011. 8110 210110201080. 8.
50. Ρ. 187 1.],80,80.10,81,11.2,17.
1111111 01111024 111111 1111111 8. 11. 7, 88 4, 81. 8, 47. Epi. i. l, 40,
,11 01. 111. 0, 8. 12, 2. 11111111 8 1. 11. 2, 150 84. 7,11. 1010. 1010. 15,
1, 08, 02. 8, 7. 4. 80. manipiis 1. 1. 0. 88 18 , 111, 202. Ρ. 145
11. 1, 82. 8, 218, 1011111111. 11101 mmm vitellum S. ii. 4, 14
5, 74. Epi. 1. 1, 48. maneum E 1. 112, 21 Mareotim 01. 1. 17, 14
,11.0210. 2,100127.111111111 ,111. 100 11111101. 12010. 25, 14.
1111111111 8. 10, 20 Ρ. 402
, obliviscitur Ep. 2, Ἠὲιῗι ξρῗ.1.ῗξ,ῗ35 11111 1112ἳ1ἔί11ἒο,ὀ4,7ὲ1ἷ,2ἕ,;1ὲ
ψ.. 1.. aa .:..1.‘.:..1›:'1·.2· 1⁰1⁶.'c.i.'⁵i. ὲ. 11. 111,
,111111011112054 111111 01. 11. 5, 80. 8.1. 8, 8111025
1. 1. 8, 24. 1025, 11. 18. 0120, 118, 280, 21011111 11 Epi. 1004
'·‚ 1111011, 11014. wi. Epi. 1. 0, 20, 58. 7, 04, Murice litoribus 01. 111. 17, 7
Ep. 12, 10. 8. 1. 1, 08, 75. 105, 110104 1111111 811058
,, 45, 48. 4, 00, 100. 0, 1111111115, 01. 1117, 82 mnrium 01. 18, 18, 111205,
1. 002081. 2, 8. 1, 11111111 01. 12088 11. 00. 1015
., 187. 4, 21. 040107. manebo 8 Ι. 1. 08 murino 01111. 2015
, 87. 8, 00. Epi. 1. 8, manemus 8. 1. 5, 87 11111111 11111
,401010 18, 8. 2011111111 01111. 1020. 1111011111. 111. 1. 010. 28, 2, 11.
10211. 11100441 02. 1111110100 0,7.18,20,11. ,10. 011.
18110140 1111111111 011112058 015. 81110010020
1111011017 1111111111 Ρ. 154 111111181018. 0020
1107. 8.1.2,70.5,1111111111111ε 011011 0111111111 81010 Ι
1. 8, 20. Epi. 110188 mariti 011107, 111020.
11111111 0111120411 111111,11111111,01.111.1010. Epi. 110182
1811110208 11111111. 17, 50 111111118Χ1.1.088. PM
18104 111111,1111111,01.1.1,25.18,1111111 0 . 111. 0, 80. 11, 12,
111 (11.1’1 10. 80 0. 2015, 1118, 81. Ep. 12, 17. 14, 5. 8. 11. 8, 210. 7,
10112028 10. 1018. 1041. 17, 80. 01
111111 1111111111 8. 11. 8, 81112017 11111111 01. 118, 24
mangonum 81111011 1111111111 0111010
1111111111 01. 1. 1018. 1111111111, a 1111111, 01. iii. 25. 11111111 01. 11100
1010. 11080118, 10, 8.1.8.01.4,08,11.8,Μ111110110277 ..

ι .. 2824, 78. 087. 81111011111111 1111011, 11. 2,
iiiiii? 11151141118 s. {3in ω’ ¹¹³ '¹' ι’ ‘⁵⁸' ..iiim 11. 11. 11, 11, 1.. 1,
118. 1080, 8075 1111111811.1.1070 18 ·

0111012. 8. 11. 4, 01 111111111111 1111011 11111111011100
18105011070. 811.111111110111111 Bp. 5, 04 marmoreum 01. [ni. 20
250 111111101111111 01. 111. 201 1111111118ΡΙ;1.18,78
’1111 . 1....1. 1,.. 1, 11. 111. 111......1 11111111
0101011018 77 111111 111111 811020

 

