INDEX.

· 11111 011111. 21, 28. 81.18,01ι11111111 01111118, 11261111, 81.17,17

. 26. 18, 6. Ρ.1 0111111 01.11.5,18 circum

15. 8. 1. 4, 7, 11. 8, 49. 16 , 011118111228

811.17,68. Ρ. 158 0111111111 011111181180
11111118.11.5,100.0,27. Epi. 01111 8 Ι. 1. 11, 1, 21 .. Circciic 8. 11. 4. 88
. 1.2,56.15.28 Ciucm dari. 19, 6. 8.ιι.8,01ι·11101.1.17,20
, cerins 01. 1.7,211 81. 15, 16. 15, 48 11111111 811. 1. 7, 47
118121. Epi. 1.7,75 1111111111 1.1.17,81 circo 8.11.8,188

, 1111101.1.1,27,111.5,82 1111111118 .16,40 11111118.1.6,118 ,
¹ cerri 1111111 11111 01. 11. 1111111111 811. 1. 6, 44 111111,11111,01.1116,11, 88.
mo 01118 01.1.28,1,111.9,0,19 81266. 8181811811.
cervice 01. 11. 5, 2, iii. 1, 18. 011181 01. 1117, 10. 9, 6. 26, 1111111111 8. 1. 0, 17
¹ 28,18. 8111261884 12 ‚ 11111111ι1.ι.1,11,11
cervicem 01. 1. 18, 2, 11. 12,61111101.111.15,8 1111111111 81. 16, 61

ric 811. ι. 10, 7

Ἰ cervici 01. ιιι 9,8 Choeriiur 1111. immi. Ρ.857 11111111111111 S. 114, 76
, , cervicum 1111111811. i. 2,06 111111 Ρ. 848. 866 1111111111111 Epi. i. 18, 82

cerm ocrcr 01. ιι. 16, 28- chordis 01. ir. 0, 4. 8.1. 8, 8 circumspectemus Epi. 11. 2,08,
81. 16, 81 111111101. 1,1, 16 94

Cervius 8.11. 1, 47. 6,77 61111111011110, 25, 11.6,15 circumtonuit 8. 11. 8, 228

cervix 8. 1. 2, 89 11111 icccc 0111. 1, 81 1111111111 8 . 16, 41

corvos 01. 111. 12, 9, 11. 6, 84 chorii 01. 11. 12, 17, 111. 4, 25. circumveniunt Ρ. 169

’ 111111 0111. 15, 29. 811. 1. Ρ.204 1111111111101.1.2,84. 8.11.

10,84 1111101.11,5,21,11.14,21 1,58
cespite rivo 01. 111. 8,4 1111111 01. 1. 4, 5, 11. 8, 16. cirtam 811. 1. 17, 54

’ cespitem 011.1.19,18,1116, 7,0 111111111101.1.87,24

17 111111 C. S. 75. 811. 11. 1,11111111 01111111. S. 1.
111111101.111.10,10 184. 2, 77. Ρ.108,288 1.8
1111111101111288. 8111. Chremen 8 ,1, 88. Ρ.94 11111 81. 9, 20

15,6 Chremeta .1. 10, 40 11111118.18,7
«11111110118115 Chrysippi 8. 118, 44 1111111011. i. 15, 15. 21, 4.
ccccm 811. 1. 7, 57. 10, 46, Chrysippo 8 Ι.1.2,4 81,20,11.10,18,1114,4

112188 Chrysippus .i. 8, 127, ii. 8, cithara· 0111. 12,4, iii. 120.

cerm 0111121511. 8.11. 8, 287 9, 10. 16, 14. 8.11. 8, 1051
’ 166. 811. 1.2,70 11111118.11,82 - Epi. 1. 2, 8168
111111 01. i. 27, 18. 81117, cibo 81. 6, 89 11111111 8. 118, 104

78. PM? 111111101.11.7,22 1111111111 Ρ. 865
castior 8.11.7,100 11111 Epo, 10. 8.1. 10,111 , citius 01. 1. 18, 20. 8.1.0,21 ,
1111111118 Ι.12,81 8.112,15 ii. 2, 80. 6, 81. 811111,

= cessavere pi. 1. 10, 10 11111 11. 8.158 202

camir 81111214 cicatricum 01. 1. 85, 88 1111 Ρ. 885

· 11111111 01. 11. 1, rc 8. 11. 1, 11111111 8.1. 5, 60 citra 8. 1. 1, 107. 10, 81, 11. 8,

81 cicere 8. 11. 8, 182 17
cessim 811. 1. 18, 48 ciceris 8.1. 6, 115, 11. 6, 81. citrea 01111. 1,20.
cessisset 8. 1. 7, 81 Ρ. 249 11111 8 .17,7
cessit 011111. 11, 15 cichorea 01. 1. 81,10 111110 . 1. 87, 18, 1117,27.
cenric 8.11.5,44 Cicirri S. 1. 5, 52 8.1.10,91. Ρ. 262
cetera 01. 1. 9, 9, 111. 29, 88, Cicirrus 8. 11111 civem 8. ii. 5, 80. Epi. i. 15,
· 11200. 81.18,7. 8.1.1,11111118.11.2,49 29

18. 2, 95. 8,77. 10, 5, 11. 6, 111111 8.11. 1, 66 cicer 01. 1. 2, 21. S. i. 6, 80.

14. 8, 20. Ε i. i.1, 10. 10, 1111111 Epi· 112, 58 8111 l, 68. Ρ. 460

8, 50, 11. 1, . 2, 65, 181, 011111,11111.8.118,60 ciri 01. 1. rm

206 Cicutam, 1111.8.11.8,175 1111111811.117,88
111111101.11.6,5 1111111 111111 nocentius, 81.1111111111811.1,8,128
Cethegi· 811. 11. 2, 117. Ρ. 50 8, 8 1111111111111 01. ιιι. 24, ‘rc
ccc Oti. iv. 4, 48 cimex 111111 civicum mnium 01111. 1,1
1111118.1.10,4 0111111 01111. 1, 4. 18, 22.111111101.111.8,17
1111111111. S. i. 5,104. Epi. Epi. i. 7, 28. 14, 88 1111111 8. i. 0, 80

1.18,6 (1111111011111821 civilibus 81.16,1. 8111 1,
eham, pl. 0111. 8, 21. 81111111 8.118,10 10 ‘

810 cinctutis P. 50 111111101.11.15,18. 811. 11.
11111111 8 1111 118 cinerem 811. 1. 15, 89 2,,17
chariin oi. ir. 1111. 8. i. 4, cinerei 01. 11. 8, 9, 11. 18, 28. cirin 81. 6,. 84

86,1111,189. 81111185, 81.16,11. ml 1111111 01.ι1-2, 61. 8116,

161, 270 cineri 01. 111, 8 11131,
(1111101111 cinge 0111118810 civilatem 0111120, 25 Ι
0111111111 Ρ. 146 cingentem 01. 111. 25, 20 civium 01. iii. 8,2. 5,21. 81.
11111111811816. 811.1.1,1111111118.1.2,98 2,7 Ι

81 11111 8 . 17, 88 cinric Od. ιιι. 8,02, ιιι. 14, 82
, (111181884 111111818, 12 11111101.111.6,19
Chia 01. 11117 11111011. 8, 10. 18, 2. 26, 15, 11111111 Ρ. 428
Cirii 8. 118, 116 ii. 6, 5, 11. 1, 0. 280. 8.11. 1111111 8.118, 198
Chium 01. 1. 27,24 6, 84. 1‘. 82182 1111116111 8.11. 8, 62

12

 

