INDEX. 548

11111111 08. 1. 21111 11. 1,40. 44, 51. 18, 10, 11871 111,
1127111188 170. 2, 41100. mu
1111111111· 8111. 12, 14 Plutona 01111. 117
11118111111111 08. 11. 14, 21 8114111181111111 011. 1. 4, 17
plens 08. 1118, 81 11. 12, 24. pluvii rom 011111.8,58
,885 8111111100. Ρ. 108,4781111111ο1 08.1.17,4
1111102 plenu 0111. 1124 pluvius Ρ. 18
or Od. 111121 pleno 811. 1111514 E 1 m 11111111 31¹1¹ 111181111181,
181 1 1 1 ' 1 j ⁸ ο 3 0
111111 111 ⁹ ' 1:14. 1. 11111111,
11111. 10,11 111111110111112 1111817118. 81111.
, 11. 8, 24 plenissima 8. i. 5, 50 2, 28. 18, 82
11. 1. 10, 2 plenius 08. 11. 18, 28. 8111. 11. poculis od.iv· 18. 21
11118 2,10 poculum 81118178. 17, 80
i. 88,101 1112114. pleno 08. 11. 10, 81 111. 18, 5. 11581111 8. ι. 182
831 ΕΡ11117145· Μ, cns· ω· sspl· 81 81 ⁸¹0 821Ροὀιεηω Epl'i'2162
171111101218 20. 11887 11118111 81118
,8. 48 plenum 01111151 11. 1811101114 8111451111· 8111·
1811187 111212. 11427 15171287. 1100. .877
,12 plenus 0111. 11, 2. 8.11. 2, polmus s.i. 10, 81 11. 8, 821.
11112 48. 81111218 8111 1. 18, 401 11. 1, 84,
18. 88 1111η11118111.111,88. m 1171225. 2, 57, 85. Ρ. 88,
,3111111 08. 1117, 18. plerique 8.1. 8, 5 288. 278, 808, 842, 416
22 plerum 111108.1.84,7; 11121, 1111111 0111. 8, 21 111. 2, 821
11111124. (18.7 14. ,18. 8.1. 1115111 11124. 8111111188
,11, 111 1, ⁵5. Ε 1. i. 11, 941 ii. 1, 111111 1111.ί.111,11;ὶ11,17
8111111118. 1185. 84. Ρ. 1105 1011718818,Ιο
1111111118481 11111111 0111111128. 81117,
1 1. 18, 7. 8. 1. 8, plume 8111811 11. 5, 80 87. 111111. 8,118
111181185. Ρ.1111111111011.111.10,4 1111311118.1.8,81
plant 0111. 2, 82. 8111117, 1111111111 8. 1177. 181
11118. EP.²‚³20 Μ Ρω111108 od· 1811241 ω. Ep· ll,
158 plumare 811111. 1,0 8
. 111. 5, 82. 8111. 1. ploravit 0111. 8, 14 Ρίθῦῡ 01118181 11. lm
ii. 107 plorem 711117, 81 Poenornm 0111147
8111. 111, 70 plores 8. 11. 8, 258 Poeuot Od· 111 5, 84
d. ι. 1, ιο ploret 01. iii. 111 - Poenu· 01111. 1¹· 11. 1⁵
11111 14,oe ploro 01812188 1111111181 “
,8,88 1111111118111247 polu 0111188. 8111111,
11111 7148 lofin· s· 11 ⁶1⁴⁰· 10188 m. 21¹· 2⁸72&
1181111214 plum} od· 181 ¹⁰9²· 8· 181 Ἄ, βοείῳ nome. οὐ· ἰν* ⁶! w·
111127 28 81182. 1112. 811111.
1115111118111.1.17,581111111ι 01112112 11281. Ρ. 288, 488
1111111, 18 1111111111 811120 1118111118. 14, 1. 8111110,
111111110111114 1111118111110. 112 10; ιι. 1218, 247. mus,
111. 2, 71 1111111111111111118.118,18 113
11111118 plumbum 011. 8121 8111115811118.1.4,42. 8111111,
8110, 78 11120 182. Ρ. 807, 441455
1111188 1111111 08. 1. 88, 81 111. 1121. 1101111111 8. 1. 4, 141. 1187.
,155 22, 88. 811. 18, 55. (18. 8201.
,1. 188 44. 8.1. 8, 71. 157. 1151118111 8.1. 4, 88. 8 1110,
81111180 81110, 451 111118. 2, 41 111, 41, 81, . 100.
.154 17,148,182. Ρ. 851482 EM
08. 1112110. 8.1. plum 011 11, 4. 82, 8. 8.1. politic· 1111111 1111111144
ml. 111 11111, 111 111111111111111 Ρ.
1111111111 11, ii. 1, 111. 1, 11. 1111. 1. 1111711111
0111214. 81111. 119 22. 21181 11. 1, 188, 1111111111 31111111 81111. 1021
11. ,
8. ii. 8, 185 pluribus 811. 1, 25. 8.1. 8, 701 Polemon 811. 1254
111111 Ρ. 210 111100. 81111. 1281 1111711111 11242
154 1212 polline 8 11. 1188
81111. 151170 111111110111131. 8.1,.2,1111111111 1148
111118 100. 1111111158 1111111110 ,11188
1 8111111188 plurimum 0111180 pollicitus 0111. 1182. 20, 181
8111188 111111111101117,8 115, 8. ,11111111 Ι
1111118· 318110 1111181111. 8,]18,7,Ρ111111108.11.1,14. 8110,
.11. 7, 28. 81111. 7, 2211111100 42185 Ι
187 pluo od. 1. 18, 15.· 88, 11 111. 11111111 08. 11. 5, 21
11111111. 811111, 1241111118. 8122111111111011111 18. 2104.
8. 1. 1, 48, 48, 58, 170, 81111115
11 01112127 118. 8, 52- 4, 18. 8 112, polo Ep. 17, 77
1111181111οὂ 20. 1115, 80. 18, 0. 17, polum 0112181 1112144

1. 11. 12, 12 plenior

 

