INDEX. 588

55 0111. ,5188 2. 85,14.5115155151515 0511125 5555511551 05.11.2,42 ·

25, 11, 12, 18, 15,15. Ep. 1115555 515151 0111. 0, 1 5511551151 111188

15, 27. 8. 1. 8,105; 11. 5, 24, Niphaten od. ii. 0, 21 555515 E 1. 1. 18, 81

87. 11511. 18,10 11115111.15,22 115551 11511255

515051. ,47. 8.11.5,80.Νὶ155ι1 51112115 5551151551 05.1.Β,80

11111. 11521. P 189 5111 05. 1. 10, 0. 14, 15, 11. 2, 55515 05.111.7,21.27,81. 20,

51111551 811255 8,14. 8.1.2,28,80. 8,85, 80;11.0,Ὴ. 11111214.

515 01118112 87. 4, 78. 5, 70. 7,14, 515. C. 8. 24. 8118288. 251.

1 05. 11. 5, 21. Ep. 1, 8. 8. 51551 1111511155 05. 11. 4, 8 1. 2, 82

1144. 2, 85. 5 50. 1515151111 8111120 5551551 05. 1. 0, 11). 111117,

47; 111185, 151, 158. 7, 1111555111 11511. 7,211 25. 8.1.4,52 5, 88. 10,

118. 8,50. 551128451151155105.115,18 88. 1151.15,11.10,52;11.

l, 188. 2, 54 511551 0511. 5,8. Ρ. 851 2108

155 05.11.4, 0. 8. 11. 2, 40. 51155151 05. 1. 14,10; 11. 7,7. 555151 05. 125, 7, 111. 7, 7.

85112521 8.11.2,4 11.15,18. 8. 1. 1, 75. 8,

1511158.112,10.7,88 51155111 np1.i.⁶,2⁵ 1 ;115,55

15515 05.111.4,14; 11.12,5. 511515 om 1111111818 5555115551 05.11.5,88Ι

5511155 51151 5.1.5, 18 55511105.118,15;111.15,

igar 1111151. 8.1.4,85 nitescere Ρ. 150 10

{gn 81180. 8,28 5115105.11.11,10.8.115,12.115515115111111Χ1112,27

mm 05.11. 4, 58. 8. 1. 4, 1111111510 55515151 8.11. ,52. Ρ.200

100 5111 Ρ.280 nocturna 11 ,5, 20

igri 05. 111. 27, Β, 11. 12,51115551 8. 118, 214 5551515115 81 5,85

11 511151 11.14,82 555151518.11.5,100

11111 05. 1. 5, 7. 21, 7. ,11111511 5.11.12,10. 511.111111111101111111,111,

11. 511121. 8.14, 01. 15,45 87

{3273 112,45. 4, 22. Ρ. 511155Ι 01111ὲ24λ5 0. 8.11, 55ἓ151155 1051111. 5, 10. 18, 7.
585 5 585 ,

1115 05. 1. 24, 18. 82,11; 11. 5111 515 05. 1. 4,2; 111. 10, 25. 5551111551 1151. 1. 18, 08; 11. 2,

5,81111.5,4;11.2,28. 8. 11 .1.4,15 711200 .

114, 74. 115111. 2, 00. 11511151811184 5551111551 1111122. 8.1. 8,

5371511ιέ 05711ὀὲ2ὥ 111215Ῐ 011Σ 1115ξ5ἕ 2gii-lm ωέἑῖη 8.11. 8, 41. 551. 1. 8,

’[1ζὲ ᾖ δ’ η 8’ἰ’91’11111ἴ51.11611’ 5 11 1 · Yam 9111812111 1511·

1111 511111, 11. 11111. 11, 11 '¹¹¹' ' ' Ρ “ ¹’ 11,11.”11ρ1’1.1“,11’ ’ ¹‘

5; 11. 15, 27. 111111 11128, 5111111151 Epi. 1. 11, 18 555511 55111. 81

23· 2713ιί ivn 21³1! Ε omum 0011107,10 ' Πθᾶοιὶ s· 8258170

11, 1. (18.11. 8.1. 1152, 5115 05. 1. 0, 1 ; iii. 25, 10. 555515 05111. 21, 22

11. 1, 70. 2, 25. 8, 02115. 28.15; 11. 12, 4. 8. 1. 2, 55551 Ρ. 101

4, 10. 5, 4, 8, 7. 8,57,04. 1011112510 55151 11 11. 2, 84. 7,25

1151. 1. 2, 45. 1 ,15. 15, 58, 51151 05. 111.10, 7. 218ος 11. 5511 E .1.15,55. 18,28

11. 141155. ,15,71,151. 7,1.18,12. Ep. 2, 80. 5501101 EUM

Ρ. 122,287,885 7.18,2. 8117,Ιο 5511518.1.1,18.2,28

11115 8. 1. 1,48. 507111. 8, 51155 0111. ,8 5511105.11.12,1. 8. 14, 140.

2

52511270. Ep 112, 158 511551 812,ὓο 8511181
1111551 8.11. 8, 54, 210. 1151151151 01111127, 25 nolit S· 12111105. Ρ.
41 511551 0511. 2, 511 408

Ι 05.17,27. 1217. 25, 5; 51111 11115 05. 1. 2,1 551115 Ρ. 427

11.8,2Ζ,24; 111. 1522. 25, nobile 05.1. 12,80. 8. 11. 8, 5511515 8.1.0,07,09

11, 15. .11,11. 11,*51. 111. 11151 nouat 5111.1.11,11;11.1,151
8.1 1,40, 0,02. 2, 28, 57, nobilem 05.1.12,25;111.15,5515118.1.0,72
04,151;115,58. 7,102,111, 18 ; 11.8,12. E .1), 20 5511155 05. 1. 124. 14, 18, 111.
515. 5551151 05.1. 2015 1,15. 8,45. 27, 85; 11. 5,
1151 05. 111. 848, 11.14, 45 nobilibus 11252 80. 8, 18. 0, 47. 15,18. S.
5151105.11.4,7 5511111105.11,5. 8,12.14, 12, 125. 8,42· 11 1, 115. 8,
111.. 5111. 1111 11, 11111, 15. 11,1; iv. 1, 11. 1, 15. spi. 1. o, 11. 1,
1515 05.1.18,15.88,1.1151 18. 11111811 . 9511112. 17,41; 11. 1,15.
1.10,80 nobilium 05.111.18,18;11.12, Ρ. ammaon
1111111518.112,105. 8,120. 15. 5111111110 115515515558.1.8,11
5111151. 14,11. 15,11;5551155.9,55. 8.1.1,52. 8, Nomentanum 8. 111, 22. 8,
112, 141 22. 4,15. 5111111111, 171224

1515 05. 1. 2, 87, 111. 7, 14. 211. 15255 11. 1,01. 2, 55 Nomentanus 81. 1, 1025 118,
24, 52. 8.1. 0, 8; 111,1. 5511115551 8. 18. 57 2825.οθ

{3131ssssu ὅρἪ, 01; 11. 1,55. ffitssffiizdfl maninus 015211ἰθ2ἑ, ¹78⁴. 11ἐρ21,
⁶, ι 5 ull· 3 5 15 5 1 ⁸ 5
11111115 05. 1. 2, 17. 111, 8. 22, 55551111 11 1. 1. 125 1. 5, 50. Ρ. 58, 284

21; 11.8,18. 10,8,28· 1115555551 ,284 1151515505111215. 21117,
1, 11. eam 1111. 1. ii. 111111 11. 11111 15. 111511 151. 111,
5, 88. 11111115.1,5115111111011111111 112, 188. 81111155. 15,
Ρ. 28, 2411201271 1151155151 herba· 8. 1. 8, 22 111

 

