INDEX. 801

equestrem Ρ.888 88888888 8.1.8,41 evehit 0111. 1,8
88888111. 8. 11. 7, 88 · emt 08111. 18, 18. 881. 11. 1, mnu 8 1.114,8
equ! 8. ι. 8, 88. 881. ι. 18, 18 88. Ρ. 487 evenere .11.7,27
equdem 8111170. 8, 28. 8, emm 08. 111. 27, 81 81881108.1ι.4,88.8.1.8,8.
88. B Ι. ιι. 1,80 818881 881. 1. 12, 17 8888188 Ρ. 148
888188 ἰ.8,”8 erret 8. 11. 8, 210 88811888 8111. 11. 2,84
11111. 111045 218111ῗί81 1110111111 s. 111,
888880181484 8881811840, 81. 881. 11. 280
ηἷὶὸι gd& Pb 8117, 0.Ι 182, ¹23. 1,113.,2,3140..Ρ.8;8ὰ484 8811888 8. 1. 2, 81
ιμ’-11133. 11111. ι’, εξ ξιῖοιῖωρξιίὸιῗῇῗ 1111 111181ῘἹ111811
ιι. 1, 28. 1181. ι. 7, 41. 18,18. orum 88888 8. ιι. 8, 81 evoe 08. ιι. 10,8,7
Ρ. 182 ι emt 881112, 118 888 8.18,80. 4, 20, 88, 11.
88811888 08.ι.2,81;11.0,24.888818.112, 108. 881. 11. 2, 8, 184. 881. 1. 7,80
8. ιι. 8, 248 112 Ρ 112 1188881888 ungnes 08. 11. 18,
, 888881 08. ι. 8,8 ervo 8. ιι. 8,117 88
888118ιί1 0118144 888188 B .8, 17 888888 8. 11. 8, 270. 881 11. 2,
equum 08111. 1,40; 18118888 .1.2,88 88
27. 8.1.10,78. 8811. 10,88 Erymanthi 08. 1. 21,7 88818188 08.11.14,8
8881188 888881 Ρ. 118 88 8 ,18,17. 8. 118, 182, 278. 888188 8. i. 1, 118
8881118 881. 111, 187 7, ,80. 8,78, 8811178, euntes 8.1.10,88. 881. 11. 2,
θ(1111111118.(8111.1111.’11.θ1,11611]ῃὶ88118ιῖ88118ῗο85 8811188 88. 4,0
equo 0881. ,84; 1881888881 811272 evolvere 8.1.8, 112
8.11.1,18. 2,0 88881118 811. 8, 88 8888118 8.11.8, 12
equorum 08. 1. 28,14. 881. 11. Esquiliis 8. i. 8, 14 Eupoli· 81. 4,1
195 Esquilina 1188, 100 nuto 08. 128, 2ος 111824,
quon 08. 1. 84, 8, 11. 1, 2). 1188811181 venefici 8817, 88 111.17,11; iv. 8, 10 ¹
ssp. 0, 17. 8. 1. 2, 88 8888 08. 111. 27, 78. 8.1. 1,10, Europe 18888 eredidit od. 111.
88888 08.111.7,25;1ι.2,18. 88, 70. 2, 4, &m 27,28, 87
14, 21. 8. 11. 7 , 80. 881. 11, 888888 881. 11. 1, 102 Europen 08.111.8,47
8. 2. 84. 10, 84. Ρ. 84 emm 8. ι.8,21,88,87. 8811. 88888 08, 1. ²8, 2⁵, iv. 4, 48.
equus 08. iv. 8,4. sphi. 18, 20, 28 Ι 8ρ.10,8.18,88
..1111811111 ιι 111ἶῖ ssss'sss’ffl 8888881111113118111188ι
8888 01810, 13 iv. 1,8. 8. 88881 ΒΞ. 8, 88. 8. 1. 2, 82. 8, 8881818 08. 111. 4, 88
ι.8,80.8,1 118. ,48 mmm: 08.1.20,7,11.1,1;111.2,
em 08. 11. 10, 28. 881. 1. 4,8 881 04.1.1,10, 27. 8, 87. 7,8, 8, 818.
em 08. 18, 10. 87,4; 1118, 88. amu 8811888 8. 11. 4, 88
18818. 88181888 8. 11. 2, 87. 881. 12, 8888118 8 1. 11. 1, 72
emtum 881. 1. 1,80 80 8888188.1.1,118
stepanus 8.1. 8, 70 · 881 881 01111, 10. 118111, 8888188 0111118, 81; 111 i,
8188188 08. iv. 8, 28 7, &m 8
ereptus 88280 88181ιὶ 8 1.1.10,18,18 mouit 8408
οι ο 0811117. 8820. 17, nto 8118 1 8. 11 8, 81 88311881 8. 11. 8,84
. 81. 10, 7, &a 8818 811. 1, 88. 2, 80. 8118888888 08. 1. 88. 81. Ep. 2,
8ιίςί881 8. 118, 88 sphi. 1,81. 17, 87 88. 881. 1. 10,28
erigit 8118180 uto, “ . 08. 111. 8, 18. Ἠ, 88881881 811. 28
88188808.11.14,12 8. WB, 11. 8. 1. 2, 82 5 8888188ιί 01111. 12,2
eripe 08. 111. 20, 8. 8.11.7,01 118, 181. 8,20, 100. 8, 22. oxnnium 08.11.17,1
eripere Ρ. 428 ’8811180 8888118818. 1.4,127. 88111.
eriperem 8. 11. 8, 208 8888888 8.1. 2, 118. 8, 02; 11. 1, 178 ¹
eriperet 8. 1. 0, 88 - 8,118 88881888 8. 11, 78
eripi 0d.ii. 12, 27 81 sor 81188 08.1.4,11. 0, 21, 88881888 8. 11. 8, 114
eripiam 8. ihm ι1.10,17. 8118,οΙ 8888818884
881818881187 818818 08.1ι.8,17. 8188188818 Ρ. 80
8 8 1 5 8 2 8 ι .
eripiunt 08119882 8. 1. 2, 44. 8, 28, 80. 41881.. 1108. 18. 0, 28. 8.1. 4,
8111811118 8111888818 ..1.,8511111118
eri· 8.1.1,18. 0,8; 11. 8, 87, 888881 cml 8. ι. 10,81 nupto 8. ι. 7, 28, ιι. 8, 48.
820. 4,10. 8, 20. 8, 84. 881. Etru-00 111ο1808.1.2,14 881110, 80
11, 80 -111888888 8.1.8,1 emptum P. 488
erit 081. 11,8; 11. 10,18; 111. 81188888 0111112088. (1.8. 88888888 81840.
8, 82. 10, 10. 8. 11. 1, 80. 2, 88 88888888 8,. ιι. 8, 272
88, 88. 8, 4107, m, 88. 88 Ρ. m 88818888 8.ι. 8,40·
criti· 08. 1114, 20 m 8811 08181118 8888181848
88888 0111. 14, 18 ev 888 118111. 1211 888188 08. ιιι. 18, 18
enum 88214 88888ιί 8. 1. 8, 01 8881811 08111820. Em
omre 08. 111. 4, 7. 8. 18, 88 8888ιί 8.11.7,88 empore 08881218

 

