INDEX. 621

. 11. 8, 188 111111 1111111118. i* 8, lenimen 011. 1. 82, 16
1. 4, 76 1111111111 011111. ,28. 811111111 01111816. 8111112,
ι8.18,187-1116, 7,20.8,172 211
11111 1111111 8. 1. 8, 81 111111 Ep. 6, 84. 1111. 1. 1, 84.
1.11.2,80 1111111 od. 111. 11,41. 26,2 mm
'. 408 Lebedum 8111. 1. 11,6 11111011.124,17; 111. 1, 22.
111111 1111111217... ..1111111112128
011.1.7,1 111111 1111111086 11111111111111111 od. 1. w
111. iv. 2. 47 11111 nonum 111111. Epl. 1111111 011. 11. 19, 80. 8. 116,
11.11.2,108 111111 47. 8111116118,οῚ
Jd. iv. 1, 27 1111111 8.12,98; 118, 211 111111 1111111 apti. 16, 66
ud. iv. 6, 28 11111181186, 116,112. 11111. leno 8. 11. 8, 281
11. 1. 7, 78. 9,8;11 1.6,1 1111111811.111,172
11111, 11111, 8. 1. 1, 81. 8,129; 11111 1111111 8. 11. 2, 76

.1.9,18 118, 77. 11111187 Ι11111011.118,8. 1111116
11. 6, 06 lecto, 1116, 8. 16, 122 1111111111 8. 1. 9, 64
11. , 11111111ρ1.1.19,11 1111111111 01111111. 11111.
ahin ,11 8. 8111111111 11844 1.2,7;11.2,98

. 80 8111111111 1161111211 11111101.11.11,1

, 4 1111111111 8. 116, 74 111111 11111 06. 111. 10, 28.
8 1111111111111. 1111111, 8811111711

..117117 i. 11. 111111 1.. 111111
.

1
:ph 1.

'n
8
7

8
’,28; M, 8 Ερ1,111111118.14,188 11111101.111.1,11;11115.
³¹, ii. l, omo. ἱ, ιι 1111111 1111111111 od. iii. 21, 8118186
811132·ὅ ⁷⁵ ..113111111111 '‘2⁰2‘' 1111111111
· ··1 · · 1 · 1 · ·
11488 lad· κ111110111112,26 898 μ
8. 1. 2,11. 16, 1. 1391. 11111111. 1. 8, 22 leon} egroto 111111. 1,78 ¹
8 113118.1.4,28; 111167 11111111 8117, ll
S. 11. 1, 81 legati 8. i. 129 111111 01.ι.11.11;11.11,11;
lm Ep· 11, ¹⁹ legfltum 81111 ⁶,oe 8111 m, w· ΕΡ1111 ¹⁰, 16
1 1’. 271 lege equa 06. 111. 1,14. 1168 5 1111111 nutrix 011. 1. 22,18
1.”11186,8;11.1,67. 11. 2. 12. (1820. 8.1.8,11[1111161111 11218
8.116,49. sphi. 72. mss Lepidum 1111112128
111216. 11282 1111118.1.8,67·111,2 leporem 011.1.87,18. 11112,
111., 14, 11, 1³, ms, 1,...11 ...11111 1111 11. 11. 1111, 1111
legendum 811161 lepores 1111111122
1115,τῖ legentem 8.1. 8, 64 leporis 111111 8. 11. 4, 14
:maris 0d. i. θ, ll. legentes 8.116,66 leporum 8. 11. 8, 89
11. 8, 26. (18.76. sspl. legentibus 1111112, 166 Lepos 111111 8. 116, 72
19 legenti· 11111114 labia Ep. 1181. 12,16
mh, 81. 1, 68, 116, legere 8. 1. 6, 96 Lesbii 111111 od. 1. 17, 21
Epl. 116, 8 11111111 11111. 11. 1, 92 11111111 06.1.26,11. 82, 6
111,8,160.10,88;11311118.1.8,117;11128 1111111011.11.1,11
¹⁰⁰¹ 31111111 Ρ’ 1111 111 11111111-11 1111110111Ε1Ι1111ιί
r 11,.1. 11111 ,11. 11,.. 11,11.’ 11. 1, 111... 1111111011.11.1,11
.11. 8, 99 106; 11. 1, 47. Epl. i. 16, 1111111111111 1111118
1 011. 1. 12, 14. 21, 9. 41. Ρ. 199, 899 lethargicus 8. 11. 8, 80
1.16,6 leget 8. 11168. E 1.1.7,12 lethargo grandi 8.118,116
111.1.1,86;111,17911ςὶ(11 1811071. 111111. 1111 3118111 0d. i. 8, 88. 28,
11111,22;11129, 68. 119, .. 11111111. 811696.
17,85.16,6.16,12 1131611 0111111, 68. 8.11.1111011.111.22,8. 2161511.
1111111161 6, 69. 81111118 9, 60
011. 111122 logio 11111111 8.16,48 11111011111101.1.11,11,11
11111128 Ι 11111111111101111117 1111111811.111.2,128
111111111“’“Μ’ω 11111111 ι111811. 1. 111. 11111191 1111111111
)1. 11. 126 271 11111111 81111, 17
1811121 11μω8,1.1,9;11.1,81 111111 01111. 11188. 81118,
81. 111181 iii. 4, 61. Lemures 1111811. 2269 1081126
’1111111111 111111111111911, 11 1, 111111811111111199
11111128. 8111, 41. 2118. 29,2. 111211110111111. (1868
11111. 116, 18 111111 Ep. 16, 26
01. 111119. 86,16 11111 11111111 06. 19, 19 111111 Ep. 18, 17
1111 011. 11. 119 11111111106.11 1616, 11126, 1111111111 011. 1. 11, 2
1 01. 112, 22, 111. 112 18. 8. 114, 26. 116 leve 8. 11. 7, 87
1 0111. 1, 16 111111 Ε Ι. 1. 10, 16 11111 Epi-ii. 1. 179
1111611. 1111.1.17,861111111118111111146 111110111111. 811. 7,
811. 8, 67 111111 8.11. 2, 18 88

 

