INDEX. 577

11. 115, 10 111111814117. 111111. 2, 3611112173. Ep. 2,
od.i.20,10. 111220. 149 42.8.1.1,81,11.3,58,238.
,4, 72. 7,109. 1151111111 Ρ.437 111112, 45
112102 1111111011.111.27,4. 8111111111 8113203 Ι
8.11.0,70 1811. ΕρΙ.1,1,73 111011118.1.4,110,11.3,131,
1111114 111101.1.1,16. 8.1.1,81, 217. Epl. 1. 0, 30, 112,
11111230. 5,30 1111207. 1111111111 133
011. 11. 19, 18 11. 1, 87. 2,11. Ρ. 89, 100, uxoren 011. 1. 17, 7, 11127,21.
11111120 318 S. 12, 35
1 S. i. 5, 74 11111111 Epi. 17, 91 uxoribus 8. i. 2, 57
us od. i. 4, 8, 111. 4, 1111111111 1111115104 uxorius 111111 011.1.2,19,20
1111111 011. 1. 17, 9. S. i. 1,111.
1011111223 238
1 811238 111111 011. 1. 37, 20, ii. 5, 24. X·
1 011. 111. 2, 27 11,11,111.11,21;11.9,43.
Ep. 17, 57 S. ii. 7, 44. Epl. i. 19, 12, ΧΑΝΊἮΙΑ Phoceu 01111. 4,
11111,11.9,3 1112012189 2
Epl. i. 19, 33 vultum 01111121, 111. 5, 44. 1111011 011. 11. 0, 20
»dicio 8. 1. 1118. Epl. 8.11. 4, 92. 5, 104. Epi. i.
11,11.1,100 11, 20, 11. 1, 97, 241. P.
11111118.1.4,23.0,18; 100 Ζ.
71 Vulture Apulo 01111110
011. 1. 31125, 11. 1132. 11111111 011. 1. 2, 40. 19, 8, 11. ZEPHYRIS Od. 1111, 21, 11.
1;1111,1.8.11.3,286. 1,20,111.3,3,11.5,0.11,1. 7,9. 11111113
11. 1. 113 5, 4, 93. 17, 18. 8. 11. 3, 9. Zethi utqueAmphionis Epl. 1,
001101111111111 811. 11111. 1,90,11.1,248. P. 18.42
102 zona 011.11127,59
S. 11.1,15 vulva E 1. i. 15, 41 zonam 111111. 240
0111. 27, 12 uxor 08. 111122. 1828, 111. zonis 011. 1.30,11

’11111 11811,

(11111111 111) 1111111101, 1111111111,
11. 1111111 1111111.

 

