INDEX. 811

1101111001 8.18, 121; 116, 21, 1101101101 00. 111. 8, 48 1100 0111100 00. 11. 11, 9. 80.

74, 02. 801. 1. 2, 82. Ρ. 1101100οι10 00.11.14,27..8.11. 4,9

878, 891 8,.728 11010 8.1.2,88,89,107.8,18, ,
homini od. 1. 8, 85; 11 18, 18. 1101100011 8. 1. 8, 28 010. ·

8. i. 8, 9; 112, 72. 801. 1. 1101110001 S. 11. 8,82 hujus S. 1. 4, 44. 6, 89

17,811 horrentia 8.11.1,18 1100110000. i. 8, 28. 8.11,
homini· S. ii. 4, 10, 02. 801. 1. 1101100 00.1.1,9; 111. 28,7 78; 118, 90. Ρ. 188, 858

10, 86 11011118.11.8,9 humanae 00. 1. 12, 49. 801. 11.
hominnm 00. i. 10, 2. 12, 14. horrescis 00.11.10,8 . 2,188

8.1.1,61. 8, 80. 1880 11. 1101111 8 ,2,6. 1127. 8011. 1100110110 80. 8, 88. 8. 11. 2,

8, 121. 7, 8, 78. 80101, 7,64.17,80.18,11,25 98

77. 110.11,1,·11.ι,1.10111111100.110,1;1110,100110111.111,10

P. 142 24. 8.1.8,719 000101101101ΡΛΟ2
homo 8. 12, 81. 8. 87. 5, 8811011101 (10.1. 21, 16. 84, ¹⁰3 1111100010 S· 11· 31 63

6, w· 7061 111 701171 P· 11104, 5⁰· 2180403 18150 26· humum Pul

489 80.18,1 humanos od. 1118, 81. S. 1. 8,
11000111 101018. 11. 8, 58. 801. 11011101 00111. 29122 20

1.9,4 1001011110.10,1 humanum 80. m
11000111) 00. 11. 18, 8. Ρ.1111011111101.101ι,10. 801. 10010110 sam, 187
10011111 801. 111, 149 11. 1,157 humeri P. 40
honen· 811111. 11011111011111101 s. 1. 4, 107 humeris 00. ii. 18. 82; 1114.

48 hortari 8 1112, 85 110; iv. 10, 8. 80. 8, 17. 17,
1101101118.1.2,81. 80111. 2, 1101101011801.1.1,89 . 74. 8.1. 8,.00;11.5,88,08

110 11111181. ,118 801. ι. 14, humero 00. 118, 18. 8.11,
110οω111 801.12,88; 112, 82 42 40 ’
11000110 Ρ. 218 1101111 8.1.8,7 humero! 0d· ἰ· 2. 31. 18, 1ος
10011101 8.18, 81 110110 00. 11. 11, 2. 8.11. 4,18 ·111.20,12; 11112, 0
000111010111841. 8.111011018.1.0,18;11.8,24 1100101010 00.1.21,12; 11120,

142868. 80111884 1101101 8.11.8,2 14
11000100.11.11,9. 8 .17, 18. horum 8. 1. 1, 78. 8, 80; 112, humi 011111. 8, 44. Ρ. 28

(1857. 8.112, . 801. 41,88.8,102,281.8,8. pl. 1111111101 110.12,10

118, 89. 11400 11141. 17,15 110110101.111.ι,21
honoratum Ρ.120 1101 00. 1. 12, 88. 8.11. 2,92 humilem 00.11. 17, 82. 80111.
1100011101 8011. 1,107 8,71. 80111180. Ρ. 1 2,50
1100010 801. 11. l, 188. 21121101001000101 8.1.4,6

11001111 00. 11125,17. 8812.
Ρ. 71 1101001 00111. 8, 8.1. 11

11229

1010110011. 11111011. ιι; ii. 1,00.1111111’0,10,1οἶ1101111 01. 111, 11, 111110
P.

80110. 8.1.4,44.8,19, 6,81,107. 80 ι. 15. 110100 8112,ἵο

49. 80111178 14;11.2,182. 818 1101110100.1.12,20.18,6
11000111 00. 1. 12, 20. 26, 10; hospita 00. 111. 7, 0 humum 00. 111. 2, 24; iv. 128.

1111111111,111.10,01.10101111111.17,10 14, 82. 80. 880. 80111.

S. Ly, 15 ; 11. 5, 18. 7, 85. 1101οξ111101 1)οτ 11. 8,10 1201. Ρ. 110, 180, 280
11011111 ¹1¹3.¹1’⁶¹7⁵' w Ι 1111111111 111 1111111100 1111111111112 111011. '
8000011801100.11,8; 1111111101 1101 00.11. 8, 22. 80. 6, 2810, 0102-111000 11000 10-

.ι. , 011111 .1. , ·

11000111 Ρ. 248 hospitibus 00. 111. 4, 88 1100001οο 8. 1. 9, 72
0000111100.1.17,10; 10112 1101011111 8.11. 8, 88 1101011 00. 1. 8, 14
1101011100. 801.1.18,1101011108.1.5,2 1111018112

102. Ρ.60 10101111 0111188 0011001 0111. 22, 8. 8.11.8,
11011 00.11. 16, 82; 111. 18, 9. 110110 801. 1. 10, 87. 15, 29 14

29,48 ; iv. 7, 8. 8.1.4,15.110110οι 00. 1. 2, 40; 1111000011 00. 11. 4, 81

5,14;11.8,44. 81.1.4,14 0. 8. 52. 8.1.8,10. 801110110180111110
1101100. 19, 20. 8 1. 4, 9. 112,οῚ .. ‘hydropicus 8011284

8,28 110110100.11.7,18. 801. ι.1101001100.11.2,18
hom 00.11.17,19; 1118, 27. 88 0101οι0 01111128

8.1. l, 7. 801. 1. 18, 11⁰3 110111 E 1. 11. 2, 28 Hymetti· 10011811218

11. 2, 1-72 1101111 00. 1, 18181 11128,Ῑὸ Hymettiae 1101111 00. 1118, 8
horam 8.11. 847. 7,112. 8 1. 1101111101 00111. 8, 88 11 ,1010110 00. 118, 14

1. 1, 82. 2, 41. 7, 47. 11, . 10111011 00.111.2,8 Hyperboreos 00. 11 20, 18

17,8. mm 11010001 8.1. 0, 81 110011140001018.12,91
110111 00. 11. 18, 14. 8.11. 7,11011111 00. 1. 16, 21

10. 1101111180. Ρ.160 10111101 8011. 08.
1101111 ι111100.10.8,44 11011111 111010 801. 1. 18, 82 1, J.
1101111οι 8011118 1101811001 80. 9, 10
horis 01112, 18. 8. 11. 6, 81. 1101111 00. 1118, 21. 80. 6, 14.

801. 1. 18, 18 9, 27. 8.11. 1, 87 1,,11001 110, 00. 111. 11, 49, 80.
110101 00111218. 80.2,47.110111οι0 00. 1. 8,1; 111. 18. 1117. 811892. 811.
8.11. 8, 88 27, 21; 111122 1 6, 17. 7, 21 ;Ι 11. 2, 87, 78
11οπ01 E 1112177 1100 011118, 18; 1111, 84. 6, 010001001 00. ι. 87, 28. (1, s,

horreis d. iii. 16‚27; iv. 12, 6. 80. 6, 8. 9, 88. 16, 57,Ι 01 ..
18 80, 010. ,mentes 00. ιι. 11, 14

 

