INDEX. 888

011188 ’118111181188 ’ 18.-1, 18.“8, 18. 11118,
111111 118111 11 8. 11. 8, 817 11. 1, 1. 8, 81181.
11. 8, 48. 811111118111118111 i. 18, 87, 11111111111811111111111 Ρ.88
1 188 uuo 8. 1. 8, 88. 811111ω,
,11118 111081,1,17.18,18.18,14, 11118
181881 1111811118141 euorum 8.11. 8, 41
. 11184 euin 01111. 8, 81, 111. 4, 78, euue 8.1.1,118
1ο 1116147 ive ⁵, ”e Ε ι ,ρ 31 ⁹⁴ ω. ΙΠΡΕΙΙΘΧ sei· fl, 118
18.,1. 1188 118. 8.1178,118,88.11111108.18,8.118118,
8. 18, 81 8111111881 11. 1, 8, 81 111. 111. 1117, 11. 8, 8, 18.
1188 8111181118 8118, 88. 7, 8. 8, 88. (1.8.
118, 188. 81111.11111108.1111,18 18. 8.18,81,118,8,188, .
811111181188 178188. 8111111188.
14. 811188 11111181111.7,81 18188
,17,88 8111181181 118111 que 811. 1, 81. 17,
Ι1141 11181118111117 18. .1.8,88
4, 11. 8, 111. 7, 8111111111 08. iv. 18, 18 1111111111 08. 1. 18, 88
eum 08. iv. 1, 8. 811. 117. superantis 08. 11. 11, Ι
8. 1178. 1111111111 ,1110111181 1111,
71, 11. 111. 8, 188. 8,1. 7, 18. 1111111181
78, 8188. 81111, 11. 18, superat 8. 11. 8, 188
48, 118, 18 1111111111 8.11.8,7
eumue 18111118 111144 eu erbe 01118188. 81111.
” 8 111111 11111111. 8114. 8. 188
111188, 887, 888. 8111. superbum 811188
um 01111141 1188 1111111111 81118
487 1111111011818. 8. 1. 1111111111 C. 8. 88. 8111 11. 1,
11,88.18,81,1ἰ1 8818187. 8111188 818 ’
sumeret 01111. 8, euperbiuuu 01111118. 8111
eu 81111. 18, 18 111111 8111 1. 18, 88, 118, 118 superbie 08.11.18,7. Ρ. m
'le 111 l, ιω· P· 'uni ⁸⁸¹i⁸⁷l ιω ΙΠΡθῘΜ 01111. ”9 ²¹3 ii· u,
111111 011118 11. 81818. 8111187
,1101818181 eunii eeeuuee 08.111.8,18.111111111108.1.18,18.18,81,
1111 1⁶, Νι Eple 111 BPlni· ³2? 1714170
1111111888 eu ,111108111188 811
,11188 111111111ωο8.1.4,18. 8. ,189
1111. 81, 88 1118, 11. 8, 88. 8, 881. Ρ. 1111111111 Rp. 4, 8. 1118. 17,
0111. 18, 14 84 8. 81118
11. 1181 1111111111 01118, 8. 8. 1. eu 1111111 01111118. 81111.
111118.11.8,88 8,7. 8111111 184
. 8, 88 eumne deperdet 8. 1. 4, 88 euperem 111111. 18, 1oe
111. 1118 eumue· hodiem 01111. 7,17. supermeat 8111181
.8,88, 8111111, 8111181 1111111118 11. 18, 188
1111111111 8. 11. 8, 8188. 8111111111 1³.ssae
11111181 11188. Ρ.881 1111110118111111,118
ιι 8111. 1188 eumne munito 8 1. 118, 81 1111111111 011111
11111148 1111110181 ,48 11111101111111818,
111111 .8,88 1111111108.1.81,18,111.81,8 8
11111 ,78 ι111111111108.11.4,88 11111101118111. 8. 11.
111118 111111181811148 ,81 Ρ.1
11188 eumne 08. 111. 28, 18. Ρ. 878 superni ’11111111 8 .1,81
8181117, 87 1111111108.1118,11 11 1181011118. 117.
· 1 ι11111811111111118.18,48 .8.48
ie 8.11.4,18 1111111111 E .11, 18 1111111811 8 .1,8 ·
8.1.8,88 numerere 81111181 supereum 11111, 181
1111187 summovet 08. 11. 18, 17. 18, 1111111811 0111111118
Ι. 1. 1148 18 1111111118111 8. ii. 8, 78
8, 48 euunuuuu 8. 1. 8, 71, 11. 1888. 1111111111 8111. 1. 8, 48
178 8, 78. 81111188 1111111111118111118,8
111188 11111111 8.,1. 8, 88. 811111, 111111111111 01118184
.8,88 84 nuperveeuuuu Ρ. 887
’. 188 sumtu 11111 8. 18, 18. Ρ, 81 superveniet 8 1. 1111
1118184. 8.1.1,1111111Ρ.848“ 11111111881818,178
111111111111 0111. 1118 11111111 01111. 811
11. 8, 81 tumtum 8. 1. 8, 18, 11 1, 8111111111111111 8. 11. 7, 88 ’
2 Ι. 1. 18, 18 811. 11. 8, 188 1111111111 83 1. 188111188
118 eumenen 01818118 11111111118111 01111188
ru Ρ. 841 eumue 8. 1. 8, 88 , 11188 11111111 81818
1 11, 11. up. 11, ...11. 111.. u, 11. e. i. u, 111111· 1111111
81118 14817. 81111181 1111111111 81111114
.11. 1, 188 111108. 1. 1, 8. 7, 8. 118111 11111 0 ἱ1111, 88. 81117,
117 118188. 11111181, . 8111111181

οο8

 

