INDEX. 1

1111101. 1.17,185-05111- 1151 Ρ. 110 1111 01.11.1,1

11851110 1155111 01111112 1111111 01. 1. 2, 11. 8,8

111111 01. 11. 1, 185 11.1,1. 11511111 Ρ.8 11111 01. 11. 1, 18

1. 111, 102 111 111 8. 1. 1, 81. 8511. i. 11, 11111Ιί 01. 11. 2, 21

1111 P. 111 511. 1, 227. Ρ. 10, 182 11111111101.1ἱ.1,1

11 01.111.2,21 11551111 Ρ. 107 1111111101.1.21,10

1118118 0111111,ᾔὶ 881 ⁶, ¹⁶, fingi P· 8³¹ fl‘bffifl Od· 11 ²⁴, ⁹· P· ¹oe

1. Ρ. 181 111511 85111181 11111111101.11.12,1

1118111117. 8511. 112, 1151111 01. 111. 1, 22 nebi· 01. 1. 21, 10
1115101.11.2,12 1111101111. 8.11 1, 18

11111 8511. 1. 18, 70 1111111011.1.1,1 flebo 851. 8. 10

111 01.1.1,1. 8511. 1,1,015 11111 8. 11. 1, 22 · 11111111 01. 111. 7, 215 11. 1,0

.2,10. Ρ. 12 11111 01.1.7,175 1111101111 Ρ. 111

111, 11 11111111, 01. 1. 21, 11 81. 1, 015 11. 1, 261 111111 01. 11. 10, 17

emmmm ffimfflpwm 1Μωω11111 ’

1101111110 11111011.11,11511.11,12.11111118511.1.17,11
1111181.1.18,81 8511110. 11.1.1,111.1,11118.1ι.8.10. Ρ. 102
1111 0 .111. 1,111 1015 11. 8,10. Epl. 11. 1, 28, 111 011111, l

1011. 18,11. 21, 7. 11, 111. Ρ.100 11111111 8511, 71

15 11. 18,05 111. 11110. 21, finitimi Ep. 10,Ι 111111 01. 11. 0, 17

15 11. 1, 20. C. 817. Epl. 1111111111 01. 111. 21, 18 11111 E .11, 11

1,18.17,17. 18, 17 1111111 1111111111 01. i. 10,1.1111 0 . 1. 1, 10 5 111. Ὦ, 15
1 8.11.2,108 8511. 11. 2, 101 11.10,1

11101. 1. 12, 11. 21,10.11111111111 851122 8111181.1.1,15 11.2,1

1, 15 11. 11215 111.1,151111111118.1.1,18 111111 A

⁷. 0, 12. 8511. 1. 1, 12 5 1111111111 8511118 1111111 Ρ. 111

,111. Ρ.111, 211 fio 1151111111. Ρ.20 11111 01. 1. 21175 11. 1,115
1111 01. 11. 1, 21. 1, 21.11111111101.1111,11 1118, 2. 27,11. 85111. 1,
1511. 1. 10, 11 firmior 01.11.1,11 115 11. 1, 70

1,1111, 1151111011 1111 juveni E . 12,1 11111 Ep. 10, 11

1111111111 8.11.1,80.8511.1111118ρ.1, 1. 811. 7,28.1111111101; 11. 11, 0511111, -

8,0 8111117 25 11.1,12. 8511111111
ι 01. i. 11, 115 11121, 20. 11 1. 11.18,2 8511. 11. 2, 211 florum 11111111 01. 11127, 20
,51111122 1111111 01. 1. 17, 105 111. 10, 111 01. 111. 11, 11
1811121 20511.1,21.12,10 11111851.11,20

m 11111211 11 01. 1. 21, 10. 8.1.1,1,11, 1111111111 01. 1. 1,11. me 5
10111110, Ρ.111 10,117511.1,12.1,10.8511. 11.11,11511.8,21. Ep.²‚
11011181 11885 112, 11, 101. P. 11.10,1. 8511112, 81. P.
118511112110. Ρ. 108 121117 10
,8.1.1,101.2,101.8,21 1111851112 11111101.1.11,25111.21,12
01. 111. 11, 18 11118.1.8,7 11111111 Ep. 0, 11
01.111.11,21. 8.11.1.·1,1111151.1,11 1111181128 ’

1. 85111111. Ρ. 1111111811. 1,1 1111118.1.1,11

10 11111 8. 11. 1, 291. 8511.1.11,111185511.10.11

01. 111. 11, 2 111 1111111111 8. 11. 1, 210

, 01. 111211 8111118.11.1,18 1111111 E Ι.1.18,110

11 01. 1. 2, 11 8111118 .11, 12 111111 011. 111, 11.Ι 0, 215 11.
1118511111121 11511111 .1,11. 8.1.2,11 1,18.11,21. 8.1.7,27511.
0111110 1 11110.111.21,11. 811, 118212. Ρ.18
0111111. 11115111. 10 1111111101. 10,111, 0511.
1,11. 811181 115111811111 1,11511.7,1. Ep. 11, 11.
1011111. 2181 11551111 01111128 8. i.1‚w. 8511. 1. 12, 105
11 Ep. 1, 81 1151111111 01.11.0,10.8.11.1, 11. 1, 212 ⁴ ¹

11 01111111 82 11111111 01. 11. 11, 17. 8.1.1,
101.1.2,115111.0,11.11511101.Ι118,11 11. 81.1.11,1
11851111. 8.1.1,81.1155111101.121,11 1111111111.1.21,0511120,
.11,1,10.1,18;111,122,1151111111 01111. 1221 11

89. 1,11. 1,10, 810. P. fltgnntis 011111. 11, 0 fluminum 01.1.12,10

27 115111 851. 1,111 fluvii 01. 11. 12, 1
181817 11551118.11,121 1111111011.121,15 11.1,1
11111 Epl. ii. 1, 221 1111111 01. 111. 10, 10 1111111 8. 11. 1, 11, 17

111 01.1.1,11 11111111 01. 1. 10, 1. 27, 20511111 E Ι. i. 1, 21

11 811. 1,10 11.2,11.1,11. 851.17,11.0111101111120. 851.7,10
11111 8511 1. 17, 10 8. 1. 1, 71, 00 1111111 8. 51. 1, 211

11 Ο1.11.11,10 11111111 01.11.11,11 11111 8515191152

1111 Ep. 11, 11 .. 11111111 0111111. 8, 10. 8511, 11110
01. 1. 18,10511.18,10. 21. 8511.11.2,181 1111111 Ep. 111

,11.7,107. 1151111112 111101.11.1,10. ME 1111118 .1.1,7·

m 01.1. 8,12. 11, 2. 8. 11. 1111101111 01. 1110, 10 1111111 111551 Epl. 1. 0, 11 ·
,11. 85111110 1111Ρ111111101.11.1,11 1111101.11..1,1. 8.1.1,10
1 01. 111. 18, 2. 8. 1. 1,10, 11111111 1.1. 1, 1 1111111 851151. 1, 21

00.1,2 81111 8. 11, 72 1111111 01. 11. 21, 21

ό

 

