INDEX. 627

Melpomene 0612181111111111111 06. 1. 16, 622. 87,11111111118111.1.18,0. .
8616, 11. 8, i 11, 118, 2. 8. ii. 2, iiiii. 8, meretricibus S. i. 2, 68
1111111101.1.1,11.Ε11.1,111. 2862116. 7, 08. Epi. ii. 1,111111111118.1.1,111, 118,
17,17.8.1.1,6.1.62,120. 11,111 2,116 262. Epi. i. 17. 66
0, 21 , ii. 2, 81. 8, 87. Epi. meutee 06. iii. 21, 68. Ep. 7, meretriouie 8. 11.7,16 ,
1.1,80 16 meretrix 06. 1. 8626. Epi. i.
neminum 81162 1111111111 8. 11. 6, 82 11, 26
1111111111 11880 11111161106.11121,17. 8111111111 Ep. 10, 22. 8. 11. 2,
1116111811.12,7. 8111118, 111, 68 51
60. 118 mentio S. 1.1,08 1111111111 01111611. 8618
memento 06. 1. 7, 17 , 118, 1. mentior 8. 1. 6, 87 meridiem 06111266
11,11, 11120, 82. Ep. 10, 1111111 06. 11. 10,11. 8. 1. 0, Merionen 06. 1616. 16, 26
1. 8. 111, 12, 80. 6, 62. 2611,11.8,66,80,187,278.111111111116106.11128,16,
8111. 1. 6, 16 Epi. ii. 2, 110 ie. 2, 86
memini 8.1. 0, 68, 11. 8, 21. mentite Epi. i. 7, 67 11111111 06. 111. 80, 16, 11. 8,
1111111170 111111118111.116,6 21. 1111111110
memmium 811. 6, 87 mentito 0111111 merito 8.1. 1, 20. 1,111. 6, 22,
1111111118111.18,12,111,2621111111111181111120. Ρ.161 1161011
11111111 S. 110, 86 mento 06. 11. 7, 12. Ep. 6, 86 meritorum Epi. ii. 2, 88
11111061861. 86,7,111111106. 126, 8, 11. 18, 10.11111111118.1.8,120, 11,1,60
27,11;11.6,86. 1221 8. 1111111111. 166. 16111111 061110. 1610. 18,
11.2,72.1,11. 601. 11868 17.17,60. 8116112111. 8,· 117, 6. 12, 6. 11.26,
1111111111 E 1116117 6, 207. 1111111617. 1622, 111. 18, 2. 17,11. 21, 12, 11.
memoretur ,11,61 11,1,261 212,οί1 181688. 811.11,11. 8.
111111110611612, 111.11,11111111111 omit. 7,6, 11. 11, 11111666. 8111.1.10,11.
61. 11,18. 11 1.11. 1, 111 81. 8.11.1,8. 81111110 11186
memoremoerb, 6.1.12,81.11111106.111.18,2. 8117110601 1111112188
S. i. 8, 10 urere 111111 8. 1,1, 101. Epi. 11111111 8. 11. 1, 10
memores 06. 111 17, 1, inu, i. 7, 81. 18, 8 1111111 06. 11. 1, 66
1 1111111 Epi. ii. 2, 187 mereor Ι.1.1,16
memores veiim 8. 1. 6, 68 mercentur 8.1. 2,116 meruere 1111111286
memori 8. 111, 00. 6, 81 1111111111 8. 11. 8, 21 merui mis
1111111111 06. 1112610 1111111111 Epi. ii. 2, 161 11111111 8. 11. 8, 01
neu' 8. 1. 10, 78, 116162 1111111111 06. i. 1, 16. 81,11.1111111111 Ρ. 168
111118 i. 1.7,61 81161617. 8111.1.1,111111111 06.1.0,8,111.20,2
1111118111.1.7,66 . 111671. Ρ.117 merueeermo 8.1.1,18
1111116118.11.8,11. 81111. 111111111111 06. 111. 21, 10 merx 8.12,17
1,67 moroetoree S. 1. 1,1 11111111 8. i. 612. 10, 86
1111611111 8. 1. 6, 82. 8126 11111111181.1.7,82 11111111 Ρ. 871
1116111811.17,80 mereatoris ,1161117 1111111 8.1.6,62,61
1111611111 Epi. 11,1,112 metretae 8. ii. 6, 12. 81111116111111 111111 .
1111111066 16, 60, 111. 1, 2,168 meeeorum 1111 Ep. 8,1
801186. 8111162.16,111111106.1.81,12, 1117,8,1111106.1.1,1 =
10, 11. 2, 26 11. 12, 22 1111111111 Epi. 1. 10, 80
1111161118.1.2,2 mercede 06. 127. 11,111.8,1111111 11112
11116111 8. 1. 6, 66 22. 8. 11. 2, 116. 7,17. Epi. 11111111 06111616
1111116111 s.ii.t‚2⁵ i· 18, w merem S. ii. 2, 114
mendorum Epi. 1. 16, 10 1111116111 06. 11. 6, 22. S. i. Meteurum 0611181
Monoleum 8116108 8,88 11111111· 8. 11. 8, 280
11111118.118,217 1111116118.1.2,11.6,87 Μ11111106.11.1,1. 8. 11,1,
11111061 166, 11.10,6,11111111118.1.2,82,106 . 67
111. 6, 18 , 11. 1. 26. 10,7. 1111111111 06111. 10, 6. 811111111161 0611. 11, 81

111. 6, 76. 17,17. 811, 1660 Μ1111111111118.11.8,60
. 8111. 1,1. 2,60. 11,11111111111811.1.7,67 1111111111 Ep. 1,7

9. P. 16880 meroeueriue ,11611 111111 Ρ. 887
meree 0611. 16, 11. 8. 1. 8, 11111111 06. 128, 27, 111. mo. metire Ep. 0, 86

¹³. 00, 11.2,17. 1, 87 20, 60. 8.1. 1, 20. Epi. ii. metiretur 81. 1,06
menete Mtte 2,11. Mlti 111611611101. 811117,
monum 8. 116118. 611 mercetur 8 i. i. 7, 81 OE
meueee 8. 11. 2,1,122 11871 11111111 0 .i. 10,1, 111.11,1 1111111811. 8, 87. Epi. ii. 2,
1111181661. 8111.1.11,Μ1111111118.118,25 178.

10, 11. 1,10, 11 111111111111111 ,06. 11. 17, 28 metu 06. 1. 28, 1. 86, 87, 11.
1111111106.11.11,16 1111111111 0612118. 866, 10,6, 11121, 7. 811.1,17.
1111111 061166, iv. 610. 11618. 811668 8.11,76. 6111. 1, 127

S. 118, 280 11111611 8. 18, 87 metuero 06. 111. 0, 11. 11,16.
1111111 divitum 06. 111. 11, 6, 1111111111 8. i. 1,17 8111116101

11682. 811187 111111111111106.11.12,16 11111118.1.1,08.1,70 .
memorem ortem merentem 06111618 metuet 8.1.2, 181. 81111. 6,
11111106. 1. 81, 11,16.1,1.1111116111111.1.1,11 12 . ι

26, 8. Ep. 1, 0. 81180, rueret P. 816 metuetur ou. 1. 261

ii. 2, 00. 6, 81. Epi. i. 8, 7. 1111111111 8.1. 1, 10. 10, 161111111111 8 1.1,00

1111116101 81111626 ·1111111111106.11.11,16. .

9

 

