1 Ι

1Ι...1,1,1’,,1111,111111111
e

166666. uuo

58 · 1666666 06.1. 12, 7, 1111, 1116661661 8. i. 5, 71
1. 2,71 8.1.3,6“7,11.2,116.1111166616Ο6.126,16,11.18,32, ’
1 111. 11. 1, 126. 2, 13. Ρ. 111176. 811163. Epti.
de 06.1.28,26 1111 16, 11 .
ιΙ. 11. 1267 temeti 666666 1161. 11.2,163 166611 01111126, 16. 126.
1. iii. 6, 66. S. 1. 1666666811, 116 Ep. 2, 33. 1111118616,
tat. Epi. 1.7,16616118.112,38 26.16,16
Tempe 06. i. 7,1. 216, 1111666661 Epi. ii. 2, 67 .
8.1.16,38 121 1666 tyro 666 06.118, 13
es 06. i. 12, 35 temperent 06. 1. 26, 11, 16. 1666666 pt. i. 1, 66
6. 1. 6, 13 12, 1 1666661 Ρ. 62, 336
1. 28, 10 1666666616 Ep. 16, 58 166666 8.11. 3, 321
111117 temperare Ep. 17, 86 16666116 riuum Ρ.6
5,3, ir. 2, 53 temporeo 06113, 18 16661618.116,166
,66666 06.16.11, temperat 06. 1. 12, 16 , 111. 1, tenebit Od. 1. 7, 20
15. 21, 18. 6611. 8, 7. 16, tenebo 06.111. 1111. 8. i. 6,
.1·1,7,111.13,11. 26,11.2,187 15. 88111677
temporetam mentum 06.116 1166616616 d. 11116. 7, 25
.5,1 3, 111166 16666106.1.7,26,1111,15
,2126 16666661606.11.2,3 1666616 0111111111. 817,
12,17 temperet 06.11.16,26,111.16, 18
112172. 8.1.3, 6. 8111171. 861.1.12,16666166Ερ11.16,13
52 16 16666 06. 16. 1, 38
’.2. 3,1. 1, 16. 5, temperiem Ε i. 1. 16,8 166666 811131. Epi. 17, 18
8.1. 1, 1161178, tem 66166 0 . iii. 17, 11. Ep. 16666 06.111. 18, 6, 66. 2, 51
161, 666. 11, 1. 8. i. 5, 66. Epl. i. 1666666666166 11611161
,1186 1, 16. 15, 31 1666666 conjugio 06.1. 1, 26,
6666 0611116 tumpeotutibuu Ep. 16, 21. Epi, iii· 27. 54
16, 12. 16,11, 111. 11. 2, 85 tenerur 6166166606. i. 21, 1,
6. Ep. 12,12 tempestati· ritu S. 113, 268 1112152 ’
16,7 tempeative 06. 1. 23, 12 , 111. tenerem 8. 111, 26
,11.5, 163,11. 3, 16,27 16666668.11.1,8
Epi. 1. 16, 32 tempestivius 06. iv. 1, 6 1666661 Epi. i. 15, 28
1. 6, 13, 11. 816166666116666 8161112112 teneri 616 116 Epi. 1. 1, 81. 16,
, 71. 11611626 166616011216, 11. 11, 26, 31
111 116. 6, 2. 8. 112, 161. 116111. 1666616 06. 16. 126. Ρ. 216
i. 36, 5. 32, 2, 11. 1,6 , teucro ungui 06.111.6,·21, ir.
121. 116181, tem 116 06. 111116. Epi. 1. ¹22⁰
1. 1613111112. 1166 16666668.1.3,116.1,128
ipt. 11. 2, 3, 76 tempure Od. i. 28, 12, 16. 2, tenerum Odgj· 1. 19. S· i· 2,
,11.6, 18 16. 7, latu, 13. 8.1. 3, 81. 1161611126
,26. Ρ.266 1121681168. Epi. i· 1, tenu 01111266
,6, 66 66. 16, u. 6, 6, rou. 6, to. tenet Od· i· 11116 iii· 1. 62
166661161118, Ρ. 111 28,11,16.6,6.11,23.11.
166666666666666161166606.1. 1121. (18.66. 8. i. 11,
,1.1. 17, 18 7, 23, 11125, 26, 16. 1, 32. 11, 11116. 1116111123.
,1. ’.111. 16, 25. 8,33 Pom
33 ternpore 06. 11. 3, 5. C. S. 1. teneto 861· ’141
itemst! Epeu, 10 sui-lpus· 55⁴⁷· ⁰, 6⁹5 11191113 EP' η] ¹²¹ 16150* ¹⁷1
11116, 17. 116. 118. 3, 31. 1,1. 6, 62. 26
Epi. i. 2, 66, 11. 1, 116. 2, 1111110 01111131
utum 06.11. 1,5 168 1661661661 E 11. 1121
1. 12, 1 temporibus 06. 16116. 13, tententur 1161. 1. 628
gu 01111268 25. 86111122 1661666 06112111. 116111.
ἀ1118811881ἓὸ P 1668688616 0111121126. Ρ.173, ί8188886οᾱ ἰ Η ³
⁹ temporum fuge 06.111 36,5 16616666 0612816 Ι
1. 1. 11112 tempus 06. 6. 37, 1, 117, 1, 166161οι1.111.2,22. 112. Epi.
Od.iv.ll‚2l 111. 6, 11. 23, 8, 111126. 11131
1616. rou Eplo, 66. s. i. 6, 66, 11166616 reue
1126, 11. 1, 27. 2, 118. 1,1. 617. 11611. tenuior 06. 1111, 71
6. 1116. 8115, 2, 36. 1622, 11162. 2,1661616668.1.1,86
. 61666. ,6.66 tenuavit 6616166. up. 6.
61111113 166’8.11.1,83 1161. 1222 ,
.11.12,7. 8. 11. 2, 16666666 propositi 06111111 tentent Epi. p 18, 86
tenni Ε ‚⁶ ,211 teuteutur 8. ιι. 3, 163
1. 22, 15. 31, 6. 37, 1666661 8. 11. 7, 21 tentigine 8. i· 2. 118
,21. 18, 32, iv. 11, 16666661 Epi. i. 7, 31 166166 Ι8. 66. 610 ..
,16, 13. 16, 13. C. 1666666 06. 111. 5, 55 tenuabitur 6666 8. ιι. 1, 62
1. 11. 2, 63 tondentes Od. 111. 1, 61 1666666 061. iii 3. 72
13 tondere 06.1. 1, 31. 26, 6. S. 1666661666Ι 8. n. 2, 81
,1,11 1112. 11611111 tenuem 06111138

 

