INDEX. 000

31111 00. 11.4, 07 (1111111111 8. 1. 0, 0. 10, 0131111οι 00. 1. 00,0. 8.11.8,40
geri 11180 11311111,οΘ . 3111111 11005
geris 01111110. nm 0111111 8. i. 1⁰, 01 31111111 011110,Ιο
0110111100.11.0,00. Ep. 0111111 8. 1.7,003 110, 100 31111100.11.0,17. 113110.
10,7 (11111 11 .10, 10 10, 0. S. i. 1, 43 11. 4, 80.
geminii 0311140 Graiu 0. 11. 10, 08 0,10. 11311111111110.
...1111131111111 (111111 0011110. 111111, 18,0311.1,80
Geryonem 00.11.14,8 101013 0,40. P. 3311111111 8. 1. 10, 04. Epi. 11.
gesserit 00.10,4 Graiorum 0011111 1, 00. 11000
31111 8. 11. 0, 10 3111111111 0111. 1, 00. m 31111111 8. 1. 0, 00. ⁰, 01
3111111 1111118.11.0,07 3111111100. 11. 0, 03 111. 7, 31 00.1.07,03111.10,0.00,
311111111170 003 iv. 10, 0. 1131. 004. 11 0. 113110, 07. 8.1.0,110.
3111111 00. 111, 10 100 Epi. i. 4, 10
3111111 8.11. 0, 014 3111111111 00.1.10,00 31131111 F. .10. 04
311111 E 1.1.0,7; 111001 31100101118 1.110,40 311 10 .11. 111003 1111, 0.
311111 01 18, 10. 8. i. 0,80 3111101011 P. 18 11310. 10
31111111 01111. 0, 04 311111118.1.1,00 31131 00. 1. 04, 18
3111111 8. i. 4, 07 3111101 01111111. 17,4 3 111. 311311 00111. 10, 8. 113111,
800110 011111. 1⁰, 2⁴ m, 7· 8·11·Ῑι’19· 2ι ω 1⁸
3111110111. 10,10. 13111311111111111. 1180 31118311100. 8.11. 0,44.
00,0 31110111 ,10,11. 8.1. 4,003 1131110, 10
genii 83111. 1, 773 11. 1, 170. 11. 0, 1 Grospho 00. 11. 1117
P. 110 gandi· 001110. 11311. 11. 0, Grospho 11 1110. 00
0111011104, 113 11. 10, 08,170.1107 Grosphus 1110,οΙ
,01 grandine 01111100 31111111 En. 01 00
31311111 00.111.1,7 3111011111 00.1.0,0 311111 8118, 87
“⁰⁶ ⁸⁰¹ ⁰²⁵²
,111 01111111 3111... 11111111 ...με 0111111
3101111110 ’1 8.11. 0,80 31υ11118.11.0,00 3110111111 811804
311011 8.11. ,070 31111 00. 1. 4,1. 10, 14. 10, 7. 31111111 8.11. 0, 80
3110110311 8. 11. 4, 40 01, 0. 00, 14. 00,143 11111, 3111111 8.11.0, 14
3111011118.1.0,10) 03 11. 0, 00. 8,1. 11, 00. 3111111111 .0,0
011111 8.17, 17 (18.00. B 1.1.4,14.11,00. 3111111 311170
311111 011110, 00. 11311114, 17, 0. 00, . 11000 11111 8.1.0.118
10 311111 00. 111. 00, 103 110, 01 3311 00.111.7,0
3111111 Ep. 10, 07 3111111100.11.10,Ὴ Gy 11 (10.11οΜ. 17,143 111.
3111111 im E 11. 10, 14 311111 P. 074 100
311111001. 11103 111. 010. 31111 E l. ⁰3¹2, 010 ι 3311 8.11. 1100
1111033 ii. 0,170. 83111. 311111 0. 111. 10, 103 11. 7, 0.
1121311177 8.10,88. Epi. i· 0, 00. 4,
3111111111 11 ,um 1⁰. 0, 40. 11141. 1100404 11.
Glycera 011. “. 10, 0. 00, 00111111 01116. 00,(13 111.
11. 03 111. 10,08. &A m
(11311111 113111. l. 00 3111111111311111 Ε ,1, 04 1108110110 8. 114,ὓῦ
1111111118.11.0,010 , 3111111 00110, .8.11.0,04.111011118.1.0,80
011111 8. 11. 0, 010 Epi. 1. 10, 10 habau 8. 1. 1, 00, 00
311118.1.0,403110,004 31101111181100 - 1111118.1.1,11.1,01. Epi.
011111 S. i. 0, 07 3110111111 0311110140 11. 1,110, 000
guntin 8. 110, 110. 0,08 grato 00. 1. 0, 03 111. 11. 00. 1110111111 8.1. 0, 00
gnato 8. 11. 0, 010 Epi. ii. 0, 48, 108 nubebat 8.1. 0, 0,11. 7, 4
3111111 8. 11. 0, 01 · 31111111 00. 1. 00, 13 1110, 17. habebit 01111100, 4
311111110311.1.1,04 03100. 8.11.0, 10 iubebitur od. iii. 0, 0. 8.11.
gnavum 111118,οθ 31111100.1.0,00. 110110, 0, 000
..... ni. 1. 111 so· 3311, ι. s. 1. 11111111. n 1. 13311
111111311011111 npi. ...1,111 nicini 1....1,111.1.11
Gnidiu. od, ii. 5, 2⁰ 311111 Epi. ii. 1, 004 nubemus 8. 11. 8, 17
Gnidon 01111. 08, 10 31111111 00. iv. 11, 07 11111111 Ε i. i. 10, 10
01111100.110,17 31111011. 1. 0, 03 111. , 8311011111 pi. 110, 10
(1100011111 ΕΡ1.11. 2⁰ 8⁹ 1,. ιι, m· u, u· 8111. 81⁴· hm mm Ep'd'q’ae
3111111 8. 1. 0, ffl 113111. 1, 108. 1100 hubent 00. 1. 08, 0
gneius Od. i. 0,1 31111111 00. 1. 0, 0. 18, 03 ii. 0, habentem 831111. 0, 00
gradu 00. 1. 00, 0. 8.1. 0,40 0. 8.1. 1, 003 11. 4, 00. 11 nubent. 8.11. 1, ⁰u
101111 01111111 040 habeo 8111103 110, 101
111100. 100, 0. 8.1.10,31111100.1.0,00. 4, 7. 10, 11111111 8. 11. 0, 41. 11311111,
0011011080 103 11. 1, 03 111. 100311. 108. 0,180
31111ιί3,11.0,11 0, 000. Ep. 1100. 8.10, 11111111 8.1.0,40
cruci. on.i,1⁵‚n; n. 1, 11. 11⁰; ii. 111 Η hubent 1311111113 11111
..0111111110 1111111111111111“·1·..”1·ἐ·..”.ἶ1..“1.’11.ξ”·.1
111. 31 ’ ’ 1111 ,1.111 ln ,111

0111101010107. 1100 3η1111101.111.1,1. 1110 1111101111113111118.

 

