INDEX. 498

11111111 8.1.8,117 0111111181.1.17,18 111101.111.1,18 1111248.
111111 1111112, 81 1111111111 0811121112 88. 0,1. 8.11.8,108. Ρ.
11111111 01. 1. Ι,8 0111181111 01.ι.21,2 108
111111 111111. 1,48 Cypri 01. 1. 8,1 11 ibus 01. 1. 82, 18. 87, 4.
111111 01.11.8,18. 811801111111111101.1.1,18;11. §.imm

08 1, 20 1111111111 01. ’11.4, 12. Ep. 8,
· 1111101.1.12,88.,21;111.0111111111111101.111.20,80 88. 17, 81,08. S· 11. 8, 80

³ 84411188. (18.0. 8.1. Cypron 01.1.10,10. 80,2 01111111111101.1.18,10

· 8, 28. Ep1. 1. 18, 71 11. 1, Cyprum 01. 111. 280 01111111111111 01.11. 8,7
·. 177 011101.1.88,8;11.2,17 1111 01. 1. 2825. 84, 41 11.

’ 1111111 01. 1. 818 0111 01.111.20,27 12,18; 111. 8, 41. 12, 1. 18,
,· 11111118.1.1,80.2,24.111101111101.1.17,28 88. 8111818. 18, 27. 8.1.
, 1.11,27 Cym 01. 1. 88, 8 2, 8. 1111111111. E 1.

111111 01115, 12. Ep. 0, 22. Cytheren 01. 1. 4,8 1. 8,80. 18, 121 11. 1,118. .
· 8. 1.1,114 Cytheren 01.111.12,8 1411808448
. 1111111111 01.11.11,10 durem 01.11.18,4

. 11111111 8.11.11,107 duret 01. 1. 87, 20. 8. 1. 2, 82

··: 11111 0. 8. 40. 8. 11. 8, 78. 0. 111 8.11.2,04. 8, 288. 111111.

’ ephi. 18, 81. Ρ.4Ι2 7,4;11.1,128. 2,182

,j 1111111087 08 01.111.10,0,10. 1111.1.1118.1.1,80.8,18. Epa,
111111 01. i. (1.7. 81, 4 18, 81 10

, 1111111118118, 124 11111111 S. 118,4 «111101.1.12,81.Ρ.204
111111 01. 111. 24, 84 duint 01. 111. 0, 8. S. 1. 8, 18. 1111 Ep. 7, 14. (1. 847. 111111.

’ 0111111118.11.8,82 0111. 18, 82 17,48
4 1111118.1.0,70 1111110111151 1111011.1.1,108

curto 8.1. 8, 104 dnbi- 8. 1. 4, 108. 'Ep1. 1.7,4 11111111 01. 111. 4,41

’ 1111111111 01.111.28,11 1111101.1.1.19.0,11811111111111110111115. 8.1.

1111101.1.10,0 8,87,88. 0111.11.2,124. Ρ. 1,]1.8111.11.2,10.1

, 1111111111 01. 1. 88, 18 84 1111 01. 111. 4, 11. 8, 48. Ρ.
111111 011. 111. 10,18 dabitur 8. 11. 8, 11. Ρ. 81 21

,Γ 11111111 11111 01. 11. 2, 87 11111101.11.1,11 (11111101.111.7,17. 8.11.2,

111111 8. 11.4, 41 0111 01.111.8,18 81

111111 Ep. 8, 08 01111 S. 11. 8, 88 datur Ep. 16, 88. 8. 1. 4, 188.
1111101.11.8,14. Ep. 10, 211 01111 01. 1. 88, 0,· 11. 20, 18 ; Ep1. 1.1,82,· 11.2,178

, 1111112, 44 111. 8,14 dnum 8,1. 8, 20. Ep1. 11. 2,

· 1111111181.1.8,88 0111111101.11.2,2 181 Δ
cuspide 1. 11. 8, 8. 8,11. 1, 0111111 01112018 1111111 01.111. 8,47
14 0111111 01. 1. 8,84 1111111 01. 11. 2, 8. 0. 8. 48.

’ 1111111 01. 1. 211201 11. 18, 0111111111 01.11.1,18 8.11.8,88

17. Ep1. 1. 18, 77. Ρ. 181 0111111111 8. 11. 7, 84;-11- 11111 01. 1. 20,8
custodem 01.111.18,8. Ep1. 1111118101 Dauni 01.11.14,28
11.],288 111111 11111111 01. 1. 2,12 011111 01.1.22, 14

' 11111111 01. 1888111. 12011111, 8111881118, 18 0111111 01.11. 1, 88

10. 8. 1. 2, 08. 4, 18 01111111 01. 1. 88, 17 Daunia iv. 8, 27
11111111 Ep1. 1. 1, 21 01111111 01. 1. 8818, 18 011111 01.111.80,11
, custodiet 8.11.1,40 0111111111 8. 11. 8, 18, 824 Davo 8. 1. 10, 40
’ 1111111111 8.1.4,118 Damasippi 8,11. 8,118 011111 8.11.7,48

,, 11111111, verb, 8. 118, 128181 0111111111 8. 11 8, 84 01111 8. 11. 8, 01. 7, 2, 100. Ρ.
’ custodit 01. 111. 28,8 111111 01. 114, 80. 7, 18 114, 287
' 1111110.1.12,40;11.]7,80;11111111118118270 1111101. 1. l, 20.-111111

111. 4, 70. 22, 1; 11. 8, 2. 8. 11111111 8. 11. 8, 88 ungui 01. 111. 8, 21-011. 18,
18, 81; 11.8,18. 1111.1.1,1111111111 01.111.8,28 4.-1111111ι 1111 Ep1. 1. 14,
17. Ρ. 280 11111111 01. 11. 14, 10 84 ;-111111 11111 18, 01.
1111 Ep1. 1. 2, 20. 4,18. 18, 7 1111111 1111.1.7,88. 17, 87 1111111 111.18, 12 ..
111111 01.1.28,18. Ρ. 478 111111 8. 1. 2, 82; 112,οὓ den 01.11.8,88. {35 11,8,18
11111111 01. 111. 10, 12 11111111 01. 111. 8, 48. Ep1. 1. debacchentur 01. 111. 8, 88
11111118.1.1,88.8,117 18,21;11.1,107 .. 1111111 01.11.4,87
11111111 01111818. 10, 14 11111111811111 8,11. 8,111 debent ¹³:³1²
1111111111 01.1.20,8 damnum 01.111. 8, 27. 8. 11. 8, 11111011 b. 1. 0, 87
1 81111111 11 1.1.8, 88 800. 1111111028. 10,88 debenu- 01.1.18,0
1111111 0 .1.14,20;111.28,111111 8. 1. 11,88. Ep1. ii. 1, debemur 945³
14 221. Ρ. 11 debemus 8. ι. 8, 48
1 111111 Ρ. 188 011181 01.111.18,1 1181118.1.1,48
111111 8. 1. 8, 88. Ep1. 11. 2, 0111.ιί 01. 11. 14, 181 111. 11, 11111111ιέ 01181 i l 2¹
2 1 11 11 . . ,
01111811 Ρ. 148 11111 8. 11. 8, 82 111111 01. 18, 8. 14,18. Ep1.
0111111111 01. 1. 4,7 1111111 Ρ. 187 1. 8,110 ..
11111 011. 11. 8, 211 dunt 01. 1. 28, 17. 8.1.1,28 debet 111111. 1, 87
1 onum 01. 11.2, 28 11111 E 111111 11111111 811188-
111111 opimo. 17 danti· 11. 111, 248 1111111111 Ο1.1.11,8 ..
0101111811 Ep. 18,0 Danubium 01.11. 18, 21 (1111111 01. 11128821 11,8,28
1111111· 01.11.8,Ἇ 111111 01.11.7,17 1111111 01. 111.27,80

 

