INDEX. bffl

11111 8.1.2,11 quo-novena ue 01. 1. 7, 21 111111 B 1112, 110, 110
Ι. 11.11,2. 21111111 01.1. ,10; 11. 1, 81111111 .11.8,8
16, 81; 11120, 82, 18. 111. rudit 8. 11. 0, 21 ,

,1027 10, 175 11.8,108,100. 111111 2111,οΒ
C. 8. 70 78, 111. nmis 01.11.8,11. 16, 0. Ep.
‘⁰⁸2¹ quodfer 1111111111 un 111 2,16
8.11.7,18 01. 1. 8225 1111, 8, immo· 1111211. 8.1.1,81
un 11 1112, m 8, 21. 1111188. 2, 28. 1, mn 11 .1,10. 8.1.1,11; 11,
11 ⁸, ⁶· ⁶91⁰& 88· 681 c· sn w· stin l, mu ³9³1
,80. 1111118. 281811. 1111111111 8112,ὓο
1, 111, quod. 111101. 1. 1, 86. 21111111 111111. 1188
1 1111. 2,17 18. 21, 17, 11. 18, 28ς 111. 1, 1111111111 111. 16, 20. 8. 11. 2,
1111811817 1Ι.11,10511.8,8,22.11, 10
1 S. 11.1,16 18111. 1111111 01. 11. 18, 80
a 01.1.18,16 quodeunque 01. 1. 28, 211 111. rapacium 01. 11. 1, 10
ἱ· 1182· 1187 20,16. 8.1. 1, 11. 186111. 11111 fortuna 01. 1. 11, 11
,8, 218 8, 812 8,12. Epl. i. 2,11.11ς111 01. 11. 12, 28. 8. 1. 1,
,111 1181111111 1
01.121,1,12 quodlibet S. i. 2, 128 rupium 0111818
Ρ. 180 Ι 11111118.1.1,110.1,17 11ρί111181.18,8
,1.81, 18. 8.1.2,111111118.1.0,18 111111811118

quondm 01. 11. 10, 18. 8. 1. 1111111 8. 1. 103
.12,10. nmo. 2,11; 112, 82. 1111. 1, rapidos 011. 12,0
112,οὓ 21. R Ι. 1. 18, 78; 112167. rapidum 01.11.0,12. 8118,
1111112 Ρ. 212
1.111.8,11. 81111111118.1.6,22;11.8,801.11μί11101.1.28,21

1, 21. 0,12 rapiente 01. 111. 8,12
11. 117, 8 111111,101. 01. 1. 11, 20. 16, rapiente· 8. 1. 8, 100
01. 111. 8,17 22. 27, 2. 28, 21; 11. 10, 20. rapies 8. 11. 8, 72
1. i. 6, 7 8.1.6,10,81. 10, 0, 8, 112, rapiet 0111. 18, 20
01. 1. 1, 75 11. 11, 22, 78. 8, 286, 812. 1, 171111111111811111131 {mh 1, 86
ο. 11 :mn ,11. ,

1, 1. 18, 1, 0· 21, quoque from quisque Epl. 1. rupis 01. 11121, 1. 8. 110, 28.

,1111111111 18,oe 1111 .

,0, 6. Ep. 10, 28. quonum 8.11.8,11,211, 21111111 01. 11. 17,1; 111. 2, 121,
11118111111111. ,11111 111. 1, 1111, 11. 11, 111111111171111. 111. i!
11,,1111111111 11111]111111.111112ἰ η11111ὀ1ἶ11111,11

81. 2, 51. 1,111,111101.1.1,1. 18, 18. 11,1111101.11.1,8. Εμ.1,28
822, &m 10; 11. 1, 11, iii. 1, 11. 8.1. rapum Epl. 1. 17,10

ii. 1, 111. 111 111111, 1111111111111111 01111111 ..
01. 1117, 27. 0, 2. 22.1111112170.12,1111Ρ111101.111.0,27. 111111.
1111612111ιέ,111111211, 111μι1111911111 ·
8111183ι813ἐ1181861ῳὶ888 s· 88· 8, 271 ΕΡΙ· io 6188Ξ138Ε 8111181114ἑοἶαὶ iv· 612.
,12111 18212, 10161111111101. 111. 111.-1111111 11111111 (111111283ιο

»1. ii. 1. 11. 111. ,11111111 1111111 11111111111111111
1.21,21;11. 2111161101.1.1,1;11221111111111111011221. 81.
10. 8,77,79 1140. 10, 6. 21111111, 21511181. 81210ιῖ,
.4‚55;ii.1,18.5, 11111111 mmm

111. 2,11. Ρ.210,111112111101.11.11,1. 8’11’111111“111Ρ11111111111
. 11. i. 1, 11. 1.,1111.1,ι.1,1,11,11,11 1,11;’11,’1,’11.“1,ι“ ’
’11111’1111111111ΨΜἢ 81115 11111 p' 1111, 11

»111. 21180121. 7, ntem 1.1.8,11. 11111011.
11 1191110111. 1, R‘ 1111111, i. ι, 11. 1, 11, iv.
1111111 1311 11 1111119111. 11111. 11, 1111111111. i. ¹·'··²'³²fia⁵2²2r³'·23›g'
111111 111111111111111, 11 11111111 ’ ” ’
‘mm' Ephfi' 149 111 η111131111111ω1111. 111
10111111. 1,.11111111111ρ1.1,1,11 ³³²³.⁵³'·¹·²⁰·⁴⁷

8. 111, 80. Epi. 1. mosmos 01111. 1, 11 1111111111 Ρ. 821

121. 11100 1111181. 1160 11111111011127,0
unque 1111. 1. 1,11 radere 8 11. 1, 88 11111 1111111162 ·

 

