01. indicates 11110111,· Er. 111 Epusies ,· C. S. tire Carm. Saec.,· 81111
Satires ,· 811.. tire Episties,· 1111 P. 111 Epist. ad Pisones, or Ars Portica.
ᾗ 10111)ξὲνὲιῖἓηῖ emissis maris tire Booirs qs 1111111111, 1111 tire Aritimeticai,

Α. 1111111111 Ep. 10, 8 1111111 8. 11. 7, 118. Epi. 1.
111111111 111141 17, 12

Apuers 8. 1. 4, 07 1111111111 Epi. i. 7, 50 1111111 01.11. 2, 46. 1111,
11111111 11 1111111111 Epi. ii. 1111111111 8111111, 114 80

2,4 abrumpere 01.11.7,27 11111118.11.8,154.Ρ.218
sb 1111 1111118. 11. 2,10 11111111 01. 1. 8, 21 11111111 8. 1. 0, 88
11 1111111 111111118.11.8,1081111111111 Ep. 10, 85. 8. 1. 2, 11111111 8 . 14, 14
11111111111111111118.11.8,808. 118 1111111111 .11. 8, 67

800 1111111111 8. 11. 8, 888 accepisse S. ii. 6, 81
11 [.11111 11111 originem 01.111. 11111111118, ii. 8, 178 scorpii 811. 8, 225. Epi. i. 10,

17,1,5 111111 01.111. 27, 87. 811. 5,- 17.12,28
111111 pendulum 0111117111 72. Epi. i. 7, 88. ii, 21 11111111 Epi. ii. 1, 147. Ρ.288
11 ignibus sospes 01. 1. 87, 18 1111111111 8.1. 8, 21. 4, 81. 8, reseptos retulit Epi. ii. 1, 284
11111 1111111 111118.1. 8,8. 15. 10,10; 11. 7, 28 aceeptus 0. 8. 02

7 11111111 8111,Ιῦ sesessit 8. 11. 821. Ρ. 211.
111111 Ep. 5,20 absentis S. ii. 8, 814 8111 S. 1. 10, 58. P. 258
1111111111 8. 1. 8, 48 111111 01. 11. 20, 21 1111111 Ep. 5, 51
1111111 01. 111. 4, 88 1111111111 8. 1. 8, 104 accipe 8. 1. 4, 14. 88 3 11. 2, 70.
111111111111 P. 40 11111 Epi. ii. 2, 100 8,46, 66, 807. 8, 10 ·
1111111 01.111.15,5 11111111 811. 8, 270 1111111111 1111111 8.1. 4, 15
111111 01. 11. 2, 2 111111 Ρ. 112 11111111 8. 11. 8, 67
abditus 8111. 1, 5 1111111111 8. 11. 8, 240 11111ρί11 8.1. 1, 48
1111 8. 1. 6, 51 1111111111 Epi. i. 12, 7 1111111111 Epi. i. 7, 58
111111 8. 11. 8, 248 absterrebitur 8. 11. 5, 88 incipiet S. ii. 5, 08. Epi. 1. 10,
11111 01.111.18,8 1111111111 S. 1.4, 120 28
11111 8. 11. 8, 218. Ρ. 201 111111 Epi i. 18, 58. Ρ. 882 scripio 8.1. 8, 58
1111 01.11. 5, 2 1111111111 01. 111. 7, 18 5 ir. 0, 11111111 Epi. ii. 2182
11111 01. 1. 0,17. 85,20; 111. 87 sucipit 8111112, 88 -

16, 87. 24, 64. Epi. 1. 18, 57. 11111111 Ρ. 170. 870 '‘wit‘' 01. 1. 87, 17. Epi. i.

P. 870. 111111111 01. 111. 27, 60 50
1111111 01111111 abstinuit 811. 8, 202. Ρ. 414 1111111111 Ρ. 250
111111 Epi. ii 1,85 1111111111 apti. 15, 84 11111118.11.2,114
111 01.11. 1, 7. Epi· 1. 7, 58 ; abstulerit 8. 1. 4, 182 Assius 811111. 1, 56
11. 2, 218 11111111 01.11. 15, 20. Ep. 5, 11111111 8. 11. 2,5
1111111 8. 11.1, 86 titt 1111111111 E i. i. 15, 25
11]·11111111118111.11.2,141 1111111101.11.14,25 1111111111 .252
1111111 8. 18, 181 1111111111 Epi. 1.15,27 11111111 8.1.0,26
111111 8811311810 111111 8.1. 2, 50. Epi. i. 4, 11111111 01.11.12,18
111111. 111111Μ 11111.. s. 11111 11111111111111111. 11,
11111111811,1.18.7 sssur 11111 Epi. i. 16, 82 18. 811814. 12, ii. 16, 8.
11111.Ι Ep. 11, 20. 8.1. 0, 14.111 1111111111 8.1.4,110.8,21. 8.1.1,58. 4, 45, 65. 10,48;
8111. 11. 2. 218 [1111811 11.1,1.5,48. [11111105.
1111111 Epi. i. 0,7 Αο111111111111811.11.2,45 2,20. Ρ. 121
11118.1.5,14;11.8,50 11111111 8. 11. 8, 208 111111 Epa, 17

1111101.111.14,24 1111111 8. 11. 5, 72 1111111 1111111111 8. its, 10 · ³

sbiudit 8. 11. 8, 820 1111111 8. 11. 110 111111 81111. 18. 05
1111311 0111121. 11111111 8. 11. 2, 85 11111111 81111. 17, 58
1111111111 11111111 8. 11. 2, 8 ,1111111111 Papi. 11. 2, 211 11111111 8. 1. 8, ss. Ρ. 174
11111111 8. 115, 52 11111111 8118148 1111111111 1111111118.11.8.10

l

 

