INDEX. 555 Ι

1. 2, 165 11.(6.22555 55 65. 115. 651 11551555155561665
’4. 611565116, 16 ruber 6.1.6,5
Ι roget 61162511175. 1151556555 S. 11 6. 61
ι. 26. 6 5. 176 ruberet 651 111156
,111126 · rugo 611111 , rubicunde 6511116
tri. 25, 16. 21245 115555 1611411125 ir. 1151555 S. 1. 5,((4
6116 167. 65112. cett. rubru 55515515 611166
ἓνπ 875 85156515 Εμιίιῇιιιηδήω 85117518
..1156 (6.165 11. 16( rubro 061161625 iii. (6.7.
.55.1,16, 1155555 06. 111. 26. 125 im, 6.11.6,(ὓ ’
,15,24 rt. (4. 44. 6.(1. 156. 15555556 .17,51
,6111 26. 11626. 651. 1. 2, 2. rubum 01 1. 215
td. ni. (6.7 6. (2. (1, 21. 26, 165 ii. l, ruututur 6157
(16,6) (66. 1416167 rude duuutum 651112
,1112515112251155555 06111168. 616, rude 15 unium Ρ. 416
, 76. 651. 16, 12. 1111. (4. rudem 5111 6 111147
W (75111256 5565515165. 6.5
1. (6. 275 15. (6, 2111555555 06. 111. 6, 65 15. 4, 55615 06111162151. 6. 1.
56. 1135 11166. 46. 6.16,465112,(6, 16,66
164. ,656 52. 6511(2,25 55555161126
11645 11. 6. 66.11555ι551555565(.16,6 55555 0611112. 16,6
6. (6. 16, 6. Ρ. 5, Romanu· 0111126 5555155 01111156
1155555555 (1.6. 56 rueuti 6111154
1. 6, 21. 6. 11. 111555550111112. 614, ruentis 051. i. 1255 11. 5, 6.
65 611157. 6111147
. 166. 5, 665 11. 5, 11555551 651. 11 1, 26. Ρ. 116. Rufum 6. 11. 6, 216
ul. 1. 7, 76 625 11561155 6. 1. 2. 27. 162
.62, 165 111. 5111 (15555515 651. 1. 111465 11. 2, 115155 6. 11. 6, 56
1161661126. 64. 11264 55550111111(
t. 65111176 11555555 6111161154 55515 0611116. (15.6,6
(111411. (4.1. 2111555555 65.7,17 regui· Ι6,14
11126. 6,216. Ρ. 1155555555 6516. 6, 11. 6. 5555155 51111165
11116. 6511176. tanum 0d.1r.19‚1r
(14 54 ruine 06. 111. 625 (11.1,6
1114 Romule 55115 uuetuu 0611551555( 05111116
11111. 651116, M.⁴ &8347 5151555 06. 1. tr, 7. 6. 11. 6,
(1555515 06. ir. 15, 16511. 6, 54
121115 1111115 26 ruini· 0511111665 111116
14. (6.7. 651. 1. 6, Romulum Od. 1. 12, 66 5515 6 11 (4.4(
7 , 11555155 651 11. 15 551( 011. 6, 26 5 111. 1. 655 11.
111126, 22. 651. 1. rore 01111161. 26,16 2. 7. 6 (6,2. 611166.
(165 rorem Ρ. 466 65111. ,75
. iti. 16, 26. 651. 1. 55555 (5511 06. 1116. 56 ruitur 65. 7 , (
126. (1154 5555 ,15,1. 6665 11. 11, rumor 611156
1166 , 14 rumore 6. 1. 4, (2.5. 651 i.
(5151611155555506155155 (1.1,145 16,6
651. 1115( 11111155 (ν. (6.4 rumpet 06. 111. 215
.. 115. 216 rourum flore 051. 111. m rumpent 06. 15. (5, 22
rement 06. (1119555555 06. iii. 16, 22 rumpere 06. i. (5, 7. 6511.
51. i. (6, (5 1155515 tex 651. 1. 162 165. (6. 26. lt, 6

1214 11555155 6. (15, 65. 651. 11. 1, rumperet (15.5. 65

6.(1. 146 5555555156.1.6.166

ι 06111217 roseum 061112 rumpi 611116

0111164 ruetrutu 655116 rumpit 65.(2,(2

. 1. 165 11. 16, 16 rostris 6. (1156 rupem 651. 112, 165

5555 06. 111112 rotu 0611116, (6. mu 55555555611555 651116
651 11. 174 rotuntee 06. 15. 11, (1 ruperis 6. 11. 6, 616
0111112 55155555 rtrepttue 6511117 ruperit 6551126 1 ..
ffilffimo 1111111114( η11151ἀ”1’51111ζ51“””’
1111511117ι (311155613566 ¹53¹?1'3's⁰1⁶’⁷¹''1¹3t¹

· 5 Ι · 5 ·· 5 5 ’

i. 1434ιι m 5511535ὸ6156ἀ14116. 651. 11, rupit 06. i. 128. 651116,
151555 p

65. (4.5 5515565555 Ρ. 626 55565 5515515 611176

5. 6,1. &itum rotundum 011265 5555061117. 6175116,
,11. (6.1. 6. 16, 66. rutundus 6117, 66 12. (6. 675 iii. (6, 25 115,
6,2 ruum 611122 16. M. 6. 611156.
51. 1. 6,2 5555( 6. (1.6,171 651. 11, 76. 14, 14. (5, 6
1112 rubeum 651. ri. 1267 5555 6.1.1,11.2.127. 16,(5.
t. i. t, 615 (1.4, 66. 5515555 bure 0611116 E 1. 1. 7,1. 16. (4. (1. (6.
6,41 rubente 01112 1 ,17.16,66

 

