188 INDEX.

8111111 811128 0118 01.1.12,2 881181 8 1. 1818
8114Ιὲ11811, 18. 811.1.17,811ἑ811118.1.8,17.811.1.18,8(811ὃ1; . 11118. 111,
8111111111118. 811. 11. 811181 E 1. 1. 18, 10 81811 811127

¹.⁸⁰ 8111111 (Linus 1118. 118, m 8811,
8111111 81. 2, 180; 11. 8, 87. 81818111 S. ii. 8, 218 Ἦ 12

11111111 PM) 81118 811. 891 mpemt 08118, 1⁰5. 8, 28
8111118811 1, 15. 1111. 1. 19, 811111 S. i. 2, 89 81111 811. i. 11, 88

47 8111111118.11.7.10 881111.1.1,11;1.8,11. 1181.
8111181 01. 1. 2, 88; 111818. 811111 01. 111828 im. 11271 1110118,

21, 18. 8. 1. 9, 77 811111 01. 11. 119 182. 2, 85. Ρ. 21η
81111818 01. 1112889. 8117, clusini· Epl. i. 119 88818811 .0, 85

85. 88111818. ’ 811818 01. 1. 28, 11 81111881 . 1. 10, 18 ; 11. 10,
morem Od· 71 ῃ, 75 771 m, co· s· 77· 819 ¹⁹· s· i· 81 lu

28 8818181818,ὓῦ 8111881 01. 11. 11188. 818,
8111811118 8818111 0111811. 811, 70. 8,1;11.8,178
811111111 01. 11. 8,1 78 88818111 Ρ. a
ullum ⁰d.i·⁷,l cm od· 771 1³2„ mm Odnffiozn
81111 11881111 01. i. ²⁰. 6. 0888811 &mo cogn 1111111188

811827. Β 1.1. 1889 cocceius 8. mn cogat 8111881
81111 01. 111. 1, 7. 11, 7 5 11. 88888 8118101 ongum 81. 1. 118 Ι

12,st 88811181 811189 88 1101111861. Mu.
8111181 01. 111. 1,12. 0, 8 81811 81188. 8,18 111 10, 18
elui· 01. iv. 1, 11. P. 181, Cocyto· 01.,,11-11. 1⁸ 11181181-ῌὶ

440 01111101.11,19,2 8118111 ,111178
obrius 0111111 ooe'tnt P· 1² coget .
81118 0. 828. 8. 1. 8, 88. 1118881 F· 116.ἳῦ .. cogi 11111811. m

⁸· 81818111 11111. 15,1; 11181 81ςί111101.11.8,8
d s . 819111. l, 289 οοξέωἰαιξὸᾱ. 11. 2, 18. ΕρΙ.ωἱ111(2)ἇ1161137,18.3ἐ18,11-98.ἐ
1 u ι ⁶ 1 ⁸ 1 ⁸ ⁸ ⁰ ι· y
8111111101.11.18,29;11.8,81.811111110111118. Epi. 1. Ρ. 119 ’

81. 811 17, 81, Ι 8811111 1111118. Ρ. 111
811181 01. 111. 21, 80. 29, 17. 81181111 01. 111. 10, 20, 11. 2, flagitet 01. 11. 118

c· s· ⁶⁰· 81171 ⁸, m, ¹⁹¹· 18.· ΕΡι· nsum 0⁰⁹⁸„ 81881 ’,Μ ⁶2oe

ΕΡ117171471 11810, cmv, s· 8848 ω ' munti sn 71 ⁹! ῃ
811118 0111111,11111881111 8. 111, 108. 8881111111 811. 3,ae

1118. 11111 n. 6.]01 , 8811118111 111, 111
1111111111 881189 Ε 111.ὃῦ omnm 11. ,11, 11111
1111111 Ρ. 81 10711111 ·1¹· ὅ. 17 8118111111
811118811181.1,1 88Ιί1111 8111818 .. ω en 8.1.1,18; ii. 118
811111101.1.18,81 “⁹¹¹⁰ Od· ¹· π1 151 111718131 ‚ffi- E 1ι1.18,9
1111111. 11413 113 111.1,1.8,1.28,1;118811811111 1 ,11,111
811111181111 01. 111. w 8. 28. ¹³¹³: (1.1,18 1818131818118 111. hm
olndfflss ,245 17,οο 8.1.5,10; 4.οῙ ω 08 081. ,S
81111818 0 .ii. 1, 21. Si. 18, mlum 011818.

89;11.1,28 mm, .

111811 11188 1181111 8. 11. ὅ, 107
18, 1. 811. 88111111 811811
011111, B 1. 18, 1. 12, 28 8, 97. ὁ[1111. 7, . 10, 9. 8111181881 01111288

01111111 111178 ι1127. 1Ι 8111181101.1.ἣ,2; 1111,
0111111101.11.11,29.8111001118118189 80. 811111 1
m ..1111111111 ..1111 11 mss 1
811118 pede 01. 111. 2, 82 88111111 0111117 8811881111 11181 1
81111811 811. i. 17, 81 88111181 01. 1. 29,· 18 88118818 01. 111- 11, 22
8111818118118. E 1.1.20,8 81111 8. ι. 8, 118, 11. 2, 77. 8, 88111111 081. 1, 88
81111811 01. 11. 1128 · 88, 101. 8,1. 811. 1. 8, 27. 8111811 01. 1. 8, 81 ς 11. 11128.
8111810118118, 111217 1185. 8818711 8111882. 11 .18,8
8111118.18,181 8811111118 11. 18, 81 8811118101111. ,88
alnum, m'd. clun 81118111 111111. 1, 91 .. 8811111811 S. i. 7, 28
8111111, 811. 811111 88118 0111. 2811. 8. u. 0, 8811811111 118, 11
8111111101.111.11,11.1111.1. 8187 .. 8818111101118118
11,9; 11. 1288 8181111 81. 6, 70, 78 ; 11.7,80. 8811111 Ρ. 201
81111118.11.7,80 8111181, 72 eoi· S. 12, 101
81111118 1. 8, 88. 8, 21,28;8181111118.118,27 881111111882
ii. 7, lo 8111111 1111. Ι, 110 0818111 01. 11. 18, 8
0111818111 S. 1. 7, 8 8811111181 S. 1. 8, 8·, 11. 8, 18 0811111 01. 11. 1, 88
81811811 01111. 1110 mutibus 811. 8, 18 0818111811 811121. 17, 85
81111101.11.12,18. 1111. 1. 8181111 8. 1. 1, 88. 1111.1.8,20818111181.18,80
7,78; 11. 2, 78 88111111 8. 11. 1, 88. 1111. 1. 08181111 0111. DJ, 17. nus
81111111 01. 11. 188 19, 88 8818811 0. 82
8118118111 11111, 81 8111118118, 11111118 8111 01. 111. 821
8118111 Epi. 11. 1,]01 emunt 811. 1. 8, 88, 11. 2, 1oe 88111 01. 11. 11, 22
clientium 01. 11. 18, 25, 111 1, 81111111 81. lom! 88111 011. 81, 21
18.-1118111888 8111811 8118, 288 8111101.11.12,12. 8117111

 

