INDEX.

11111111111 01.111.8,8 1111111 8111. 1. 17, 555 11. 1, 11111111 8. 11. 4, 81
111111 8 1. 11. 1, 47 181 1111181 01. 111884
111111 ,1. 1, 84. 51, 11. 8111111111 01.1.10,7;-1111 11118181111 8,887
8051 Ε 11 ii· ἲ, lm ffi· ⁴. ,ι’-..88 11111 27168 ᾗ· ΙάΗΜ Odt ivus, a
1111111 01. 118, 81. 8. 11. 5, 1111111.4,11.-111111.17,11111 01.111.7,88.11,11.81,
11 11 1 ; 111, 11. 11, ι. 111111.
1111111811. 8,111. 811. 1. 0, 111111 01. 11. 19,4 15. 17, 85 11. 1, 888. 2, 111.
85 111111 8. 18, 89 Ρ. 78.
11111111 8.1.·1,41. 1111111111. 01. 1. 0,.1. 84,15. 8. 11. 11111111 {3}ststss
1111111 apl. 1· 8, 54 8, 108. 8111. ι. 0, 81. 19,10 1111111111 . 1118, 11
11111 8. 11. 8, 08 111111 8. 11. 8, 180. apl. 1. 1111111 1. 11. 8178
11111 8.1. 7,88; 118, 840. 8, 10,17. Ρ. 804. 840. 11111111 1.111.5,8
49 1111111,1111.8.1.8,80.8,11 1111111111 01.11.7, 17
111111 8. 11.,8, 117 11 1111111111 gemelli 1111 11111111 811110, 78. 18,0
81111111 0111. 8,5 10,8 111111 1111111 „
81111111 01.1.15,85 111 imum Ρ. 180 ” 111111 01. 111. m 811. 1,
8181111111 01. 11. 18, 81 1111111111111 8111. 11. 8. 08 888
111111111111111111 11 111111111ομ1111).801 1111111 01. 1. m Ρ. 175
Aemoniam 111111 01. 111. 1111οέ111111111111111111 01. ἐκ ἓ. 11. a} 81111811
, 1. ,5 ’11 ,11. ,
8111111111 01. 1. 8, 85 5 111. 8, 1111111111 01. 1. 0, 18 11111 8. 11. 5, oe
10 1111111111101.111.81,5 11111111 01.11.19,18
1111111111 01111114 11111111 811. 1. 8, 07 1111111 01.1ἰ.8,1
Achille 8.11.8,10·.1 111111 8.1.1,181;11.8,48 111111 8.1. 9, 511
81111181 01. 1. 15, 84. Ep. 17, 111111 01. 111. 80, 01 11]·111111 8181. 18, 57
14 11111 Epi. 18188 1111111111 8. 11. 8, w
. 8111111111 01111. 4,4. 10, 80. 111101.11.8,17.8.1.1,74.1111“1111118.1.0,80
8. 17, 18. Ρ. 180 8. 88; 11. 8, w. 8, 09, 11,11,·11111.11.1,11
81111111 01. 11. M 8111. 11. 871, 881. 4, 01. 7, 89, 7811111111 8111. 0.1
848 111. 8, 71. 8111. 1. 0, 54. 18, 11111111 8. ι. 4,99
1111111 8111. 1. 8, 14 58 11111111 Ρ. 5
8111111 01. 11. 0, 18. 8. 11. 8, 111111 8. 11. 8, 888 11111111 01. 1. 2.ss
194. 11111111 addere 01. 1. 10,·18. 8ς1. 1. 11111111 8111. 1. 10. 88
81111111 01111. 8,87 18, 0. 10, 48 5 ιι. 1, 81 . 8, 11111111 811. 8,818
111111 811. 8, 44 80 admonuit 818, 180

1111111 811118,οΙ 1111111111 1111111111 8111. 18119
11111 01. 111. 4, 80. 8. 11. 8,5 addicere 8. 11. 5, 100 1111111 01. 111. 81. 18
11111111 01. 1. 87,5 addictum 8 .17, 11 1111111 8ΒΙ.11.1, 181

1111118.11.0,85 1111111181.1. 1‚14 1111111111 ,11111
1111111111 8. 11. 8, 47 1111111 01111. 8, 80. Ρ. 814 1111111 11111. 1. 0, 55
81111111. 1111 11111 (1111111111, 111. 1, 111111 8161111, ιι
11111 Ep. 8, 81. 18, 85. 8.1. 89. 8111. ι. 14. 80. 11111111 8111. 11. 8, 1Ιο
³, ⁵³· ⁷· 212⁸ 18171931 8, w ammam*- Od· 1181 ⁶92⁶ 'dmfibi Od- iiis 82³⁵
11111 01. 1. 89, 8. 8. 1. 8, 48 11111111 01. 11. 9, 81. 19,18.111118.11.0,15
mi οι. 1. 11,ι; iii. 11. 1. ι. 1111, ιο 11111 Ep. 1, 11. s, 1. 1111. 1
10,11; 11. 4, 50 1111111 01. 111. 4, 78 811. 1. 17, 57
11111 8. 11. 0, 0. 8,7 1111111 8 1.1.5,18 111111 8111. im, 170
111111 01. 1. 88, 15 ; 111. 5, 85. addubites 8. 1. 4, 185 1111111111 01. 111. 8, 10
111111. s.i.fl,125 11111111 811118 111111 Ρ. 101
11111 01. 1. 4, 1. 8. 1. 8,110; 1111111811.1.7,0 1111111 Ep. 8, 85
11. 7, 47 , adductum 811.1.10,11 1111111111 8. 11. 8, 91
Acrisium 01111. 10,5 1111111118.11.8,88 1111111 8. 18, 81
:211¹ 11111118 111“1’1011”11”” 2118111811
1 .ι. , 1 . , 1 .ι.
1111118.1.8,18,11.8,08 11111111)1.11.0, 10. Ρ.54 11111111 8118, 74 Ι
1111111 Ρ. 179 11111111 01. 11. 1, 10 1111111111 81. 0, 75. 8111.
1111111101 01. 1. 80,8 1111 8.1. 1, 18. 7, 7. 8111. 1808
1111111111ιί1 P. 118 1, 88; 11. 1, 54 11111111 8.1.1,108; 118181.
81111 811. 1. 18, 11 111111 01. 111. 87, 00. 8. 1. 5, 8111. 1. 8, 88; 11. 8, m
11111 8111. 11. 1, 804. Ρ. 809 80. 0, 88 1111111 8. 11. 8, 815
111111ἕ1111ἑυ111 Ρ. 198 :gasts 0119188888 11ἒ11111118ἑοβ. 8.1.7,11.
cu Ι e· Ι Ι ι 181 1
111118.11.8,181 111111 0111181180 1111111111 8. 11. 8, 88
11111, panop. od.iii. 7, 8111111 8804 111111 0181888180
811117 1111111 811. 0, 88 1111111 8. 11111
nemu-³01· 11111 Ρ. 189. 191 11111101. 1. 15, 01 111. 89, 8811111111 01. 111. w
:2115112111' 11115. 111 affiess'sssssslsssn fflffifftffilff'l?
1111111 01. 1. 8,81 111111 81150 1111111111 01. iii-1111
11111 01. 111, 80, 10 11111111 811180 11111111 01. 1. 88, 0. 80, 111
1101111811.1.18,80. mm 1111111118.11.8,50 1118180

2

 

