INDEX.

1011011000. 111. Β, 18. P. 78 100100 8111202189. 801111080101101

1000100 8. 1. 8, 84 1,18 .
,0001000 Ρ. 48, 212 1000010 Ρ. 877
jung„ 0111211 ,00001 00.1.1,28
jungunt 000 pari 801. 18, 20 juvare 8112 22
jungentur 00. 1. 88, 8 juvari 801. 11. 1, 125

&w

8 ,8,

1080100 00. ,27
1011010100. 18
21, 11227,
labore 110. ,18. 24. 8-1.
1.5,89. 0, 00. 8011244,

B
!
ι

00

,10

1 u· s· 10 8,
20

17,

jungere Ρ.2 jum 00. 1. 1,4. 2, 88. 86,1, 11211
jungit 8. 1. 284 11119,18,1ι.1,81. 802100010010810220. 1101,
1000008828 61.9,87.11,1.18,9. 8.1. 0. 8.1.1,80, 01. 4,12,11. ·
jumor 0ᾱο 1088ῃὶ. afflui-2¹⁷, 1,41,7804,241Π; 8106118, 21120 Epl'i⁸⁷'m

16, 11. 1, 44 82, 90. Epi. 1. 2, 81. 1188. laborem 8. ι. 2, 88
10010100 00. 111. 0, 25 10. 10, 89. 19, 88 , 11. 2, 212. laboret 011218, 111. 4, 89,

,1000 00.11.1,28,111.4,59 Ρ. 109

,100000 00.1118,18 100001 8 .1, 18
lunoni· 00.1.7,8. 8.1.8,11 ,000000 801. 1. 8, 86
junxerit 8 ,16,80 juvenen 0011120

10. 9, 82. 8.11. 6, 21. 80111.
1, 221. 206

10110000, verb, 81270. 10,78.
801112, 198

Jupiter 0 .i. 2, 80. 11, 4. 1210100010 00. 11. 8, 21, 10. 4, laboret 00. 111. 8, 28. 8. 1. 1,

111. 10, 8. 16, 6· 10. 4, 4, 74. 10000000 801289
801268. 8. 1,20. 218, ,00000010 00. 1112245
11248. 22888
1010 00. 1. ffi, 82, ιι.
8.1.8,111,11.8,72.11
22816, 2112108

00000000,0οω0
1
1.

«u. iv. 2, 21. 5, 9. 1222
1. 110000001οι Ρ. 246

00001001
1000000
lmmmmmffl

011. 22010000ιο111 00. 1241, 11124, {uberibus 00. 11. 18, 89, 11118,
ι

02000000
000οη08

3.
4 . 21010000 00. 16, 18. 25, 2, 11. 1011001000 801262
22174. 25. 1222521118 12,7,1ι.18.20. 8.1.284;101)001001 Ep. 1216

10108008.1,4 112118. 8011. 1,88. Ρ. 1080010 00.11.14,20. 1111,

jurandus 0111. 1, 16 24
10100100 8. 116, 87 juvenescit 00. 112, 55

88. 278
laboro 8. 11. 8, 10. 801. 1. 8,

10101081.1·1,14 ,000010001111282 8012, 2. Ρ.21 . ..
,010100 01112241 8. 8011214. 18,21. Ρ. 1080ιοοι 00.ι. 8214, ιι. 18,

jurat 801. 1. 1, 89 177

00110010010

101·01001101ι17,60Ι 1010010 00111. 28, 10. 4, 24. 212 .
jure 0110. 16,18,ιι.11,17. 8. ιι. 8, 288. 5, 02. Ρ. 161 101100οι0101 80111260
81246. 280. 210, 112, juventa Od. i. 1228, 111. 12101010 01111212. 8.1. Ι, 68.

09. 2284 27. Ρ. 118

4, 188

101010100008.118,179 juventu Od. iii. 2, 15. 08108001οι· 0111122. 80. 2,

1010010010 100 8,. 16, 28 48
jum 801. 1. 18, 9
10100000 80111222 11. 4, 8. 80. 17, 21

juventu 00. 1. 80,7 , 11. 11, 6, 100000801000 00.1ι. 0, 10

11000001 0011. 11, Ἃ, 111. 8,

10100808112100 10000100 001224. 4,10. 88, 28 .

100010 801. ’1. 1, 88. 2171 86, 111. 4, 60. 6, 88. 8. 11. 2, 8000001000 011210

1000001121. 8.1.1,9.4, 82. 5,79. 8011229 10000000000010.0,00
101, 112181. 4, 68. 11101000οι 00. 1. 28, 10. 85,80,100010000οι1. 11127, 71
181, 860 11. 8, 7, 111. 14, 9. 15, 0. 20, 10001001 011111. 11, 48

100 81261 ,11282 8, 72, 8,1ι.1,8.12,18. Ρ. 02, 1000101008111.27,40

217. 8, 29, 84. 220. 801. 1. 88, 866
1227. Ρ.72, 460 juverint 80. 2, 49

1000100 8. 11285
1000110 virides 00. 1. 28,7

100100000οἰ0οη10018.18,81,,’000110 811191. 801222 10001110 0000000001οι11 00.

11.4,88.8,48,60 10001802821281. 8.1. 10,* ,111.8, 88. “

10000 00111820. (1.8. 89. 11128. 1101. 1. 10, 10
8.1. 2122. 8011282. 0, ’0111 8.11.8,1
12. Ρ. 212 1
jum 8 111217
100000 01287
jusserit 1111. 1, 89. 7, 82 h.
10001 80. 1,7
100011 8. 11. 8, 88, 101, 141. Ρ. 1111111788 00. 111. 8, 48
282 labem 80111. 1, 285
janus 80. 8, 91. 11, 20. 8110000100 01111. 0, 8
8, 80 labentis S. 11. 1, 18
10010 morte 00. 11. 214. 8.11. Labeone insanior 8. 1. 8, 82
7, 15, 62 Laberi mimos 8. 110, 0
justi 100101 01111100 8.1. 8, 98 labetur 8 11248
justior S. ii. 268 labier 8 111294

. i. 8, 49.
1101. 11. 2, 48
lacerto laevo S. i. 6, 74. 801.

zion 00.11111,21. Ρ. 124 1. 1, 86

10000001 00. 1112, 10

10000011 00. 1. 827

1000001ιί 801111, 151

1000000 0000 0111. 18, 12

1001108088

Laconi 011110, 11

1000οἱ000 01111. 18,7

10011100 00. 11. 0, 28, 10. 1, 84.
80111260

1000010 11100 11100 801. 1.19,4Ι

lacrimis 00. 111. 7, 8

1000110000 00. 1.,8, 14. Epi. 1.

100110 00. 111. 126 labitur d. i. 2, 19. lm. 801. l, 07

justitiae 0111. 226, 11. 17, 16 i. 2, 48

lacrimoso 8.1. 8, 80

justitiam P. 199 101100 00. 1. 8, 80, 10. 8, 8. 1001100000 0012218

junius 811280 811214. Ρ. 201

10010 depulsum 00. iv. 4, 18.

,0010 om. 1284, 11122110110100108119,7. 8.1. 8, 1101112118

111287. 2118. 801. ί. 11161 96. Ρ. 481

100110 rivos Od. 11. 19, 10

1001001 110. 111. 8, 1. S. 1. 4, laborantes 00. 1. 0, 8. 17, 19, 1001000 S· 18159

ωωὼω 800οω0

1001000· 811118

 

