„s

508 INDEX.

· 1111. 01515, 11 formans. s ι ιηιι. 01515, 11351551
10140 1101.““ιι, 1, 238, P. 332 10110140.0015,801,1,13,48 3.13, 8,81
1014118513.ῑῶ 101101401οη 8 5, 55 11101101515154. Ρ,23
1041111110101118 1,· ι, 3, 35 1011114010101 4,· ιι, 14, 18 11101081,1,13,53
1010011101802.101011851233 111οι01 0.13.3 ἱ
10101080. 2, 4. 812. 1810111011 Ο(1,ιι,13,3, Ρ,4 111011104,111,3,3, 8.ι.1.5

8011, 1··. 83. P. 421 10100111813, 125, 331 fragilem 031, 8, 13, 111, 2,
100110 S.' 1. 4, 34 formula 8,· 11. 3, 45 28

10111111 0104,·1ι1,234 10111008, 1,2, 33, 31 11111104.111,23,13. 8, 111.

Folium 80. 5, 42 ..... 101111801· ι. 14. ·21 3

conponis& n.„·88 111,,101081,,,8434,35, 1152311101 11181..δῦ

13.3,1ι,3,,38,1,·,·581; 8011348 gugp43148d8
10133114. 801,1.13,23Ρ,1οῗ··04- 8314620031, 8,1,1η;ι 13513. 8. 118.
ιι 53
1011111018· ι 4 13 1011110 04,“ 11, 18, 31 1111οι1018,1.2.128
1010011180, 11,,,1381,,182.1011118.1,,843 ·.11100,1041,2·3.,13 ism.
8οΙ.1,2,··52,.323 1014111080,13..,381,,323,4 4312433
10110431111318.11,,,82 8,0,18.8111,.2184.Ρ,13111001ι80,1,38
801,1,10,12,13,45, Ρ,3331011111118.1,4 4131, 11,,343 1η10104,1,,23 41. 8013, 43.
10110 03111313. 815 32.101401111181,1..3
Ρ,53 10110,040,011,3·,,,1,1803 P.818

Ροιιιεί018,1.,532 15,,81.,148,3.,..344334111ιο101101104,1,,2112

1014010 04511818 3. 1. 141, 43,· 11. 3, 233, 8, 25. 11181111 80, 3, 18

sonte· Ep. 2, 84. Su 4, 34 1101· ι, 3, 23 111111111801,ι.13.4,18.43

10181111 ⁰d.' ι, 841,41· 111.4.,25 10110018,11,1,1.3 2.,315 5, 1110110811, 5, 13

801,1,,15823,1,0132811,,313 33011108011335

1013001086 ι, 1, 53 101101 04,1,3. 33, 131313, 11111085, 13.85. 8011. 14,?

100818011,8,13 1142132581311111110118011143

100801104511,13.13,11,14, 11, 8, 135, 111015118

45 1014180, 1,1,4 815

1011111οι823 3,213.4,..24534 111ι101104,1..,35348,11.3.

sorqu1.1.,484.485 1011118512 ,138 848.p.Rli.18,'44; 112183

10101111, 0151501. 8010131101 04,1.ν 4, 23 [1111141810. 124

15.13, 8.1821,11,3,31·2.101ι1010(1.ιιι833 111140041,3,Ἐ,11.13,,23
Ρ,8 10111104.1,.31,,3323, 11, (1.8,41

1010,053οι100,04,1,2,31 1322, 111,,532,1.2.43,111141100(1,1,28,31, 11014 ,

10100101 Ρ.245 4,·53, 110, 14, 528 8ι,,352· 1, 122

1010111111 1,1,3,8 11333, 383, 3.88. 8011310101 0411123, 23

80100110(1.111,4,13 3,48,11,1,53,2·41 11114111οι801,1.18.33

10101 03111. 138132 101ι111101185,1.133 frudi. 0311, 8,84

1010404.·111.4,13, iv. 8,22,10111ιο1041,14,2. S.' 11, 3,42, tumulenta 04, 111 3, 24

80,12,23,8.1,2.53,·4,4.80111523 1111100104.111.25,13
53,.83 8,133, 8,38.13.1011100104.“ ιι, 8,3 fre ιι 80 3,2. S. 1. 8,118

81811 ,4,45 45..83, 8·οΙ,11,1, 10141118.1.13,15. 1101.1.,141100104,11,3,3

131.·2.83Η1).Ν 4 1100111004.11,13,3

101150103111, 88, 8. 8.“· ιι, 8, fortuitum 04,“· ιι, 15, 13 111001100451,ιι,23

888. 4, 33 101110104,1,.3 25.31,11),11001011018,0,13
101118,“ι,13,33,11,2.18 34,15, 33,11,111,3.82,23,1100111001 0 111. 23, 23
1011110411.4,·3. 80.15,22. 43,1ι,4,11,1433 8021100104111553

Ep.44.18,4 38134512121311100ιο80111513

1010131185,4,121 88881811512111101110418381131

10111118οψ1515811.3,,52 23,11,1.,34·131,Ρ,231 11.,334,’0,811,,253

Ρ,3 1080110851ψ13811,,1311110118,1..1,,33338

10110111 801· ι, 4,3, om 438 ,11.38.,354,12,·3,11000001,1.3514,11.13,

1011110411 04,“ 111, 24, 54 11.,1 2 25,111,1,3·4

10110111 P. 128 1011011111 04,111,23.35, 8,· ιι, 111οι101ιο1 8.“· ιι, 3, 8841. C. 8 21

10101104133118113 3,,238.,85801,1.,,813Ρ,11οι,1011118,11..325

138 133 1110104, ι. 8,4.8 14,.1 sspl: ι,

1011111ιὶ 04,1,,133 fortunarum P. 133 3,4

1011011801515. 128, P. 138 fortunatum 801· ι, 14, 14 11011104,1.33,15,11.3,13

formet P 333 1010111118, ι, 4, 4 11010 Ep. 3. 8

Formiani 04,“ ι, 23, 11 1013113012235 1110410100ιί1 P. 243

Formiarum 1011110411( 13,8ι”011011ιιιο1 11 15, 3, 43 111 14111, 18, 18. 851, 3, 291.

1011111018· ι, l, 88 101ι1111011ι 1,· ι. 11. 22 801123 15,3

10111411035551, 801. ι, 18, 101ι1111Ρ, 112· 11100401 08511, 3 3

33 101101 0451. 2, 43, Ep. 8,4. frigidior 8011, 13, 13

1011ιί4οι P. 884 8.1.5. 3. 8,·114, 801, 13111οι31004, 1, 1, 21

101111411111801511. 258 23531357. 18, 8 1110141111 04,“· ui. 4, 22

101114111104,111,3.15 1011081, 3. 53 11101411 811. 3, 53, P. 435

1011014οι8,” ιι. 3, 83 1011111183 ι, 828 31001103· 11, 4, 9. 851, 8, 45

1010541108· ι1. 4, 44. Ep.4 1,10110104111,18.15 111 orosa. 1, 83, ii. 1, 32,

8,4 18,53,11,1,,154 2233101010 801· ι, 18, 53, 2453 4,.... 14, 31, 18135

'28 8οΙ,1.8.54,18.83,11,2,83,

110 ιηι...οιι.,11;ιι.,;ισιι. ·
,,3211. 4,51

 

