484 INDEX.

66161 01111, 86, 111. 2, 12. 61811118. i. 6, 68, 11. 8, 28. 7, 6116111( 01. 1. 22, 16 ⁶
21211119 161 aunem S. i. 7, 26. 811111. 1

oedibus Ρ. 862 (1116116111811.112,166 61 .

61111111 81111167 Calliope 0111112 usnemun 01111182 ..

eoelntum Epl. 112, 92 61116118.11.4,14 6116116 01. ιιι. 112. 8. 16,

eumenia Od. 111. 1, 86 6111 argutus 1111. 1. 14, 42 68 ·

66161111 01. 111. 24, 8 6116161 8. ι 2, 44. 6, 168 mentes 01. ιι. 6, 87. 816.

11111111111111 111111111118111 611.. 1111166 ,

61611118 . 18, 16 odoribus 01. ιιι. 24, 87 emerent P. 277 ι

6611161 811. 16, 7 6111111601.111.21,12 61161640(1.1.1.’1,411184ὒὶ ,

11⁸1.²81.'1.⁵1⁵2. 6111, iii.3111111²11⁸'1¹s11⁰1¹105 mfsfffissssnuizffi‘s ' J

14, 8, 1116, 4. 8. 1.8,4, 61161198. 11. 8, 278 6116(811.ιι.2,6 .. .

11. 6, 61 8111114 (11111116 8 11 1, 64 mnibus 81.17,12.8.ιι.6,116.

· 0116116 01. 1. 12, 62. 21, 14, Camillum 1111. 12,42 Ρ. 162 Ι 1
iii. 14, 16, iv. 2, 48. 6, 21611111 8.1.6,81, 111821 0111611111611 8. 1112)
1117. 8 ,6, 2. 8. 11. 1, 84. cuminus 8111. 11, 16 01116116 01111.18,6,-1.ι(ιι
811116 011611610111611,011.12, 1. 17, 17 ι

0111161 01186, 26, 1114, 86. 811111 0111111 1161111611
87, iv. 2, 84. 6,16. Ep. 6, 011611 01. 11. 16, 88, 1114, 6. 8.111,48. 166
18 21, 11. 6, 21. 6,8. 11116111611166
66161161 01116, 14 46. 8111116166. Ρ.276 01111111 811824
casui· 0112, 44. 6,11. 12, 01116111 (1. 8. 62 61111 01. 11. 27, 8, 1111
61,11.6,26.12,16, 11121011116111116161811118, 6,1. 12, 6. 8111211
4. 8118. w. 8. 16, 18, -11111 11. 8,144 2, 64. 6, 88. 811. 1. m: ιι-
111, 11, 16. 1111. 12, 28. 6111111166) 2, 76 ·,-sor sidere 111116
18,18, 11. 2, 48 01111116 8. 1. 6, 46 01111 8. 11. 2, 66
611168.12,42,66 01111111 8. 1162 61111 pruinis 01. 1. 4,4
Calaber 11111114 6111161116 8 1. 1. 11, 18 canistris 8111166 ¹
6111616 01. 111. 16, 88, iv. 8, campestres 1. 111216 6111( 01.1ι.2,18. 111141
26 campestria 8111. 18, 64 6111416 0111118
01111161116111011816, 6 6111666111 Ρ. 876 61111161 morou 01. 16, 11
061111118ρ.1,27. Epi. 11. 2, 611ρί pingues Asin 1111. 1. 8,6 eunom Ρ. 822
177 611119610111146. Ρ.162 enoris 011. 12, 11
Calabro! 011. 88,16 eampis 0112117. 87,16, 11. 6116161 81111. 2, 76
Calai· od. 1116, 14 6, 24, 1118, 24. 11, 6. 16, ennom 011121, 15
calami 011. 16, 17. 8.11.8,7 42, 11. 7,1. Ep. 7, 8 61161 01. 11. 11, 16
6111116 P. 447 eampo 01. 111 18, 6. 8.1.1,61,611(1661 01. 11. 11, 1, ιιι. 8,
61111111 8 ιΙ. 111, 118 118, 66. 6,46.-Μ1ι·116 Epi. 22, iv. 14, 41. 8111. 1121
61161111 01121116 1. 7, 66. ll,4 cantabimus 01. iimo
61161ι 81111. 1, 217 611161 0111662116 6111161111 8. 11146
61166 8. zi. 1, 66 eampum 0118, 4, 111. l, 11. 6114116 Ρ. 187
6116611 8.1. 8, 82. 8111. 16, S. 16, 126 Cantabrica Epl. 118, 66
42 campus 01. 1. 7, 11. 6, 18, 11. Cantabrum 011112
6111111 8. 1. 8, 68 1, 86 6111111101.1.6,16 ,
111616 0111. 11, 88 6111 nive 8. 11. 6, 41 611116 01. 1146, 11. 111.
6116116111 811. 11. 2. 166 611111,161·6,01.116,6, iv. 2, 2. 11116. 8111116
011611 11166 011. 816 47. 8.11.4,11 61111( 8. i. 2161. 6, 16. P.
61161168, 1. 8, 87 61111, verb. S. ii. 8, 4 414
01161116 01. iii. 8, 1. 81276 6111611 E .1, 26 61146116 01. 11.6,16
011611 011216 candente 1116, 86 6111611101.1.26,2
61161161 01111122 6111611116 gd. i. 2, 81 cantharus 8111. 6, 28..Ι
ualentes 011. 16. 18 6111616611 8. i. 6, 26 61116 01. 1. 22, 16, ιιι. 11
66161116 811118 6111611( S. 11. 6, 168 S. 1. 6, 26

cules 8 .17,86 61111118.1.2,128 61161111611111411 1

6116( 01. 1. 4, 16. 8. 11. 8, 86. 6111116 01. 111. 6, 2. Ep. ll, 6114611111 S. 1. 8, 1

6111116111111 61111 01111116 Ἑ118111116, 115·

6116611 8. ιι. 4, 76 6111116 01. 1. 18, 11. E . 14, 811117

6111661 1116611186. Epi. 6, ¹S. 1. 16, 86. 811. i. ,l 6111111 8.11,16 Ι

..6,ι6 cunundi 6111. m ..1116111161116
66Ιὶ1601.11127,76 611111111618.16,41 111126. (1122
ulidus 01. 11114, 27. 811161111116 01111116 6111ιιι111111ι1616ιι811304·ιιι

8, 88, 11. 2, 72 6111116 0111127 16,2 ,

caliendrum 818, 48 61111161 01. 1. 18,6 6111118.1.6,61,11.8,1[4 4
caliginosa 01111. 26, 86 61111111 0116, 1. Ep. 8, 6. Canusini 8.1.16,86

callemus Ρ. 274 11. 11 capacibus 01.11.7,Β

61116( 01. iv. 6, 46 61111116 8111168, 11. 2,4 6111616161 mss

6111111 0111111, 4. Ρ. 47 6116111111111111161 812. capu 01. 111116

6111111 01112146 111.-,16111 6411316 1111. i. 6116 01111127
eumdum Od. ι. 16,7 , 1118, 81 17, 86 apella S. 1. 1, 116

 

